0		18.75		19.37
1.666666667		18.25		19.44
2.787037037		18		19.37
3.899305556		18.5		19.44
5.013888889		18.75		19.44
6.12962963		19.5		19.44
7.240740741		18.75		19.37
8.355324074		19		19.44
9.465277778		19.5		19.44
10.57407407		19.25		19.44
11.68055556		19.75		19.44
12.82986111		19.75		19.44
13.93981481		19.5		19.44
15.05671296		20.5		19.44
16.1712963		20.25		19.44
17.28009259		20.25		19.44
18.38657407		20.75		19.44
19.49884259		20.5		19.44
20.61342593		21		19.44
21.73032407		21.25		19.44
22.84143519		21		19.44
23.96412037		21.25		19.44
25.0787037		21		19.37
26.18402778		21.5		19.44
27.29282407		21.25		19.44
28.40625		21.5		19.37
29.51967593		21.5		19.37
30.63425926		21.5		19.37
31.76157407		21.75		19.44
32.87615741		21.5		19.44
33.95833333		22		19.44
35.07175926		22.25		19.44
36.18981481		22.25		19.44
37.30671296		22.25		19.44
38.43171296		22		19.44
39.54166667		21.75		19.44
40.65277778		22		19.44
41.7662037		22.5		19.44
42.87615741		22		19.37
43.9849537		22.25		19.44
45.09027778		22.75		19.37
46.24074074		22.75		19.37
47.35416667		22.75		19.37
48.46296296		22.75		19.37
49.57407407		22.25		19.37
50.68402778		22		19.37
51.79398148		22.75		19.37
52.91203704		22.5		19.37
54.02662037		22.75		19.37
55.13657407		22.5		19.37
56.25		22.5		19.44
57.35532407		22.75		19.44
58.46875		22.25		19.37
59.58217593		22.75		19.37
60.69791667		22.75		19.37
61.83217593		22.5		19.37
62.94097222		23		19.37
64.05208333		22.5		19.44
65.16550926		23.5		19.37
66.27777778		22.75		19.44
67.38773148		22.75		19.37
68.49884259		22.75		19.37
69.60648148		23		19.37
70.71990741		23		19.37
71.85416667		23		19.37
72.96412037		23		19.37
74.0787037		23.25		19.37
75.19907407		22.5		19.37
76.30324074		23		19.37
77.39351852		23		19.37
78.50925926		23		19.37
79.62384259		22		19.37
80.77314815		23		19.37
81.88194444		22.75		19.37
82.98611111		23		19.37
84.09606481		22.5		19.37
85.21180556		23		19.37
86.32175926		22.5		19.37
87.43981481		23		19.37
88.55671296		23.5		19.37
89.67013889		23.5		19.37
90.77893519		23.5		19.37
91.88888889		23.5		19.37
93.00231481		24		19.37
94.11921296		23.75		19.37
95.22916667		24		19.37
96.34375		24.5		19.37
97.46527778		24.25		19.37
98.57638889		24.25		19.37
99.68518519		24.5		19.31
100.8043981		25		19.37
101.9143519		24.75		19.37
103.0289352		25		19.31
104.1365741		25.75		19.37
105.2453704		25.75		19.37
106.3564815		26		19.31
107.5023148		25.75		19.37
108.6111111		25.75		19.31
109.7199074		26.25		19.31
110.84375		26.25		19.31
111.9212963		26		19.31
113.0405093		26		19.31
114.1851852		26.5		19.37
115.2986111		26.75		19.31
116.412037		26.25		19.31
117.5115741		26.25		19.31
118.6157407		26.75		19.37
119.7291667		26.5		19.37
120.837963		26.25		19.31
121.9849537		26.5		19.31
123.068287		27		19.31
124.1805556		26.75		19.31
125.2928241		27		19.37
126.4039352		27.25		19.37
127.5150463		27.25		19.37
128.6689815		27.25		19.31
129.7453704		27		19.37
130.8958333		26.25		19.31
132.2037037		27.25		19.31
133.400463		27		19.31
134.5949074		27.75		19.37
135.7407407		27		19.37
136.8530093		26.75		19.31
138.28125		27.75		19.31
139.4675926		27.75		19.37
140.5787037		28		19.31
141.7002315		27.5		19.37
142.8171296		27.75		19.37
143.9502315		28.25		19.31
145.0706019		27.75		19.31
146.3865741		28.5		19.31
147.5763889		27.75		19
148.6840278		28		19.31
149.84375		28.5		19.31
150.9502315		28		19
152.1458333		28.5		19.31
153.2581019		28		19.06
154.4490741		28.5		19.31
155.5590278		28.75		19.06
156.6689815		28.5		19.12
157.7800926		28.25		19.12
158.8912037		28.25		19.31
160.0023148		28.5		19.25
161.1180556		28.25		18.94
162.2256944		28.5		19.19
163.3449074		28		18.94
164.4583333		28		19.12
165.5706019		27.75		19.12
166.6828704		27.5		19.19
167.8020833		27.75		19.12
168.9155093		28		19.12
170.0277778		27.5		19.12
171.1423611		27.75		19.12
172.2615741		28		19.12
173.3703704		27.75		19.12
174.4826389		28		19.12
175.5914352		28.25		19.12
176.7013889		28		19.12
177.8530093		28.25		19.06
178.962963		28.25		19.06
180.0694444		28		19
181.4212963		28.75		19.06
182.6041667		28.25		18.75
183.712963		28.25		19.06
184.90625		28.75		19.06
186.0613426		29		18.75
187.1643519		28.5		18.87
188.6435185		29.25		18.81
189.7986111		29		18.81
190.90625		29		18.81
192.056713		29.25		18.75
193.1712963		29.25		18.81
194.2824074		29		18.81
195.3969907		28.75		18.75
196.5104167		28.75		18.75
197.6284722		28.75		18.69
198.7407407		28		18.69
199.8877315		28.5		18.87
201.0335648		28		18.56
202.1377315		28.25		18.81
203.2465278		28		18.81
204.3576389		27.75		18.81
205.46875		27.5		18.81
206.5752315		27.5		18.81
207.693287		28		18.75
208.806713		27.75		18.75
209.9571759		28		18.81
211.0300926		27.75		18.81
212.1423611		28		18.75
213.287037		28		18.75
214.9571759		29		18.75
216.2071759		29.25		18.5
217.3252315		29		18.56
218.6377315		29.5		18.5
219.7974537		29.5		18.5
220.9039352		29.5		18.5
222.0520833		29.75		18.5
223.1516204		30		18.44
224.287037		29.5		18.44
225.4247685		29.5		18.44
226.5706019		29.75		18.44
227.7152778		29.5		18.37
228.8148148		29.25		18.44
229.9537037		28.75		18.37
231.0509259		28.75		18.44
232.1527778		29		18.37
233.2615741		28.75		18.37
234.4131944		28.75		18.37
235.5231481		28.75		18.37
236.6377315		28.25		18.37
237.7418981		28.25		18.56
238.8530093		28.25		18.56
239.962963		27.75		18.56
241.1203704		28.25		18.62
242.2303241		27.25		18.56
243.5046296		28		18.56
244.6516204		27.75		18.56
245.7581019		28		18.56
246.8657407		27.5		18.56
247.9756944		27.75		18.56
249.0856481		28		18.56
250.1967593		27.75		18.56
251.3113426		28		18.56
252.4201389		28		18.56
253.5300926		27.75		18.56
254.6435185		28		18.56
255.7534722		28		18.5
256.8668981		27.75		18.56
258.0092593		28.25		18.5
259.1550926		28.25		18.5
260.2696759		28.25		18.5
261.3854167		28		18.56
262.5347222		28.5		18.56
263.6840278		28.25		18.25
264.8773148		28.75		18.5
265.9884259		29		18.31
267.2974537		29.5		18.37
268.4803241		29.75		18.31
269.6296296		29.25		18.31
270.9409722		29.75		18.31
272.130787		29.5		18.37
273.2372685		29.5		18.37
274.3518519		29		18.44
275.4606481		29.25		18.44
276.5671296		28.75		18.56
277.6759259		29		18.62
278.7858796		28.5		18.69
279.9363426		28		18.75
281.0208333		28.25		19.06
282.130787		28		19.12
283.2430556		27.5		19.12
284.3599537		27.75		19.19
285.4733796		27.5		19.19
286.5868056		27.25		19.19
287.7037037		27		19.25
288.9351852		27.75		19.19
290.0821759		27.25		19.25
291.1956019		27.75		19.31
292.3113426		27.5		19.25
293.4212963		28		19.25
294.5324074		28.25		19.31
295.6828704		28.25		19.31
296.7604167		28.25		19.31
297.9907407		28.75		19.25
299.1018519		28.5		19
300.3206019		29		19.12
301.462963		30		19.12
302.7627315		29.5		19.19
303.8715278		30.25		19.25
305.1053241		29.75		19.31
306.2164352		30		19.37
307.3668981		29.75		19.44
308.4814815		29.75		19.5
309.5844907		29.5		19.62
310.6921296		29.5		19.69
311.7997685		29		19.75
312.9421296		29		19.75
314.0520833		29		19.81
315.1597222		28.75		19.87
316.2708333		28.5		19.94
317.3854167		28.25		20
318.5		27.5		20.25
319.6064815		27.5		20.31
320.7199074		27.75		20.37
321.8263889		27.75		20.37
322.9363426		27.25		20.44
324.0451389		27.25		20.44
325.1944444		27.5		20.5
326.3020833		27		20.56
327.4108796		27.5		20.56
328.5231481		27.75		20.56
329.6527778		27.75		20.62
331.2418981		28.75		20.62
332.4803241		28.25		20.44
333.6689815		28.75		20.62
334.8217593		29		20.44
335.9270833		29.25		20.5
337.0405093		29.25		20.56
338.1967593		29.5		20.62
339.3090278		29		20.62
340.6203704		29.5		20.69
341.7708333		29		20.75
342.8831019		29.25		20.81
344.0011574		28.75		20.81
345.1157407		28.5		20.87
346.2233796		28.5		20.94
347.3310185		28.5		20.94
348.4467593		28.5		21
349.5555556		28		21.06
350.6724537		28.25		21.31
351.7800926		28		21.31
352.8877315		28		21.31
353.9953704		27.75		21.37
355.1111111		27.75		21.44
356.2280093		27.5		21.44
357.3425926		27		21.44
358.4548611		26.75		21.44
359.5659722		27		21.44
360.7118056		27		21.5
361.8240741		26.75		21.5
362.9328704		27.25		21.5
364.056713		27.25		21.5
365.1631944		27.25		21.5
366.275463		27.25		21.56
367.3865741		27.5		21.5
368.4988426		27.75		21.56
369.6099537		27.75		21.56
370.7627315		28.25		21.56
371.8773148		28		21.56
373.2303241		28.75		21.5
374.4201389		29		21.25
375.5358796		29.25		21.31
376.6875		29.5		21.31
377.8009259		29.5		21.31
378.9502315		29.75		21.37
380.0972222		29.75		21.37
381.2106481		29.5		21.44
382.3206019		30.25		21.5
383.5509259		29.5		21.5
384.6990741		29.75		21.5
385.8472222		29.5		21.56
386.9675926		29.5		21.56
388.0798611		28.5		21.62
389.3136574		29		21.56
390.4351852		28.75		21.69
391.5509259		27.75		21.69
392.8981481		28.5		22
394.0462963		28.25		21.75
395.1655093		28.25		22
396.28125		28		22
397.3958333		27.75		22.06
398.5138889		28		22.06
399.6377315		28		22.06
400.7951389		28.5		22.12
401.9166667		28.25		21.94
403.1076389		28.75		22.12
404.6215278		29.5		21.94
405.8449074		29.25		22
406.9953704		29.5		21.94
408.1793981		29.75		22
409.287037		29.5		22.06
410.3993056		30		22.06
411.5497685		29.5		22.06
412.662037		30		22.06
413.8657407		29.5		22.12
415.0138889		29.75		22.12
416.125		29.5		22.12
417.244213		29.5		22.19
418.369213		29.25		22.19
419.4861111		29.25		22.19
420.5949074		28.5		22.19
421.8240741		29		22.25
422.9675926		28.75		22.25
424.0844907		28.75		22.25
425.2025463		28.5		22.25
426.3125		28.5		22.25
427.4224537		28.25		22.37
428.5335648		27.5		22.62
429.6446759		27.25		22.62
430.755787		27.25		22.62
431.8634259		27.5		22.69
432.974537		27.5		22.69
434.0810185		27.5		22.69
435.193287		27		22.69
436.3125		27		22.69
437.4270833		26.75		22.69
438.5405093		27.25		22.69
439.6481481		26.75		22.69
440.7592593		27.25		22.69
441.875		27		22.69
442.9930556		27		22.75
444.1053241		27.5		22.75
445.2256944		28		22.69
446.3368056		28		22.75
447.5266204		28.5		22.69
448.6388889		28.75		22.5
449.7465278		28.75		22.5
451.6539352		29.75		22.5
452.8020833		30		22.5
453.8865741		30.25		22.5
454.9976852		30.5		22.56
456.1087963		30.25		22.56
457.2210648		30.25		22.62
458.3333333		30.5		22.69
459.4618056		30.25		22.69
460.5833333		30.5		22.69
461.7002315		29.75		22.75
462.8460648		29.75		22.75
463.9571759		29.5		22.75
465.068287		29		22.81
466.1747685		29.25		22.81
467.2824074		29		22.87
468.3958333		29		22.87
469.5046296		29		22.87
470.6145833		28.5		22.87
471.7662037		28.25		22.94
472.880787		28.5		23.12
473.9884259		28.25		22.94
475.099537		28.25		23.19
476.2060185		28		23.19
477.3113426		27.75		23.19
478.4097222		28		23.25
479.5925926		28.5		23.19
480.7337963		28		23.06
481.880787		28.5		23.25
483.03125		28.75		23.12
484.1458333		28.5		23.06
485.3784722		29		23.12
486.4861111		29.25		23.12
487.5972222		29.25		23.12
488.7256944		29		23.12
489.8414352		29.25		23.19
490.9537037		28.75		23.19
492.0625		28.5		23.19
493.1793981		28.5		23.19
494.4108796		29		23.25
495.5601852		28.25		23.31
496.6747685		28.25		23.56
497.7847222		28.5		23.56
498.8958333		28.5		23.31
500.0081019		28.5		23.37
501.1203704		28.75		23.37
502.2280093		28.25		23.37
503.3356481		28.25		23.62
504.4571759		28.25		23.62
505.5694444		28		23.62
506.6759259		28		23.62
507.8206019		28		23.69
508.9351852		28		23.69
510.0439815		27.5		23.69
511.1574074		28		23.75
512.2731481		28		23.75
513.4270833		28.5		23.75
514.5775463		28.25		23.5
515.6851852		28.25		23.75
516.7939815		28.5		23.75
518.0196759		29		23.56
519.1712963		29		23.56
520.28125		29.25		23.56
521.4293981		29.5		23.56
522.5844907		29.75		23.56
523.6979167		30		23.56
524.8159722		29.75		23.62
525.9236111		30		23.62
527.0821759		29.75		23.62
528.193287		29.75		23.62
529.3113426		29.25		23.69
530.4236111		29.25		23.69
531.53125		29.5		23.69
532.6828704		29.5		23.69
533.7962963		29.25		23.75
534.9050926		28.75		23.75
536.0185185		28.5		23.81
537.1377315		28.75		23.81
538.2222222		29		23.81
539.3344907		28.5		23.81
540.4513889		28.5		23.87
541.599537		28.5		23.87
542.6770833		28.5		23.87
543.8263889		28.5		23.87
544.9328704		28.5		23.87
546.0474537		28.25		23.94
547.1666667		28.25		24.12
548.244213		28		24.12
549.3935185		27.75		24.19
550.5034722		27.75		24.19
551.6168981		28		24.19
552.7326389		28		24.19
553.8506944		27.75		24.19
554.9456019		28		24.12
556.0613426		27.5		24.19
557.1701389		27.5		24.19
558.3032407		27.75		24.19
559.4166667		28		24.12
560.5300926		28		24.12
561.6400463		28.25		24.12
562.7453704		28.25		24.12
563.8530093		27.75		24.12
564.9976852		28.25		24.12
566.1354167		28.25		24.12
567.2407407		27.75		24.12
568.3449074		27.5		24.12
569.4479167		27.5		24.12
570.5868056		27.75		24.12
571.6956019		28		24.12
572.806713		28		24.12
573.912037		28		24.06
575.2685185		28.75		24.06
576.4560185		29		23.81
577.5740741		28.5		23.87
578.6909722		28.75		23.81
579.8009259		29		23.81
580.9131944		29		23.81
582.0219907		28.5		23.81
583.8425926		29.5		23.81
585.150463		29.5		23.87
586.2604167		29.25		23.81
587.3680556		29		23.87
588.6412037		29.5		23.87
589.8333333		29.25		23.94
590.9398148		29.25		23.94
592.0497685		29.25		23.94
593.1678241		29.25		23.94
594.2766204		29		23.94
595.3877315		29		24
596.4976852		29		24
597.6053241		29		24
598.7210648		29		24.06
599.8460648		29		24.06
600.9537037		29.25		24.06
602.0636574		28.75		24.06
603.1759259		29		24.12
604.28125		29		24.12
605.3935185		28.75		24.12
606.5405093		28.5		24.12
607.625		28.75		24.12
608.7418981		29		24.19
609.8599537		28.75		24.12
610.9675926		28.5		24.19
612.0775463		28.25		24.25
613.505787		29		24.44
614.7013889		29.25		24.19
615.8090278		28.5		24.25
617.0451389		29		24.25
618.1944444		28.5		24.31
619.3101852		28.5		24.31
620.4178241		28.25		24.31
621.525463		28.25		24.56
622.6400463		28.5		24.62
623.7476852		28		24.37
624.8587963		28.25		24.62
625.9872685		28		24.62
627.0983796		28.25		24.69
628.2164352		27.75		24.69
629.3194444		28		24.69
630.4282407		28		24.69
631.5428241		28		24.69
632.6527778		27.75		24.69
633.7615741		28		24.75
634.8726852		27.75		24.69
635.9849537		28		24.69
637.0949074		27.75		24.69
638.2013889		28		24.69
639.3483796		27.75		24.69
640.462963		28.25		24.69
641.6087963		28.25		24.75
642.7835648		28.75		24.75
643.9537037		29		24.44
645.0671296		28.75		24.5
646.1747685		28.75		24.5
647.40625		29.25		24.5
648.5601852		29.25		24.5
649.7013889		29.5		24.5
650.8946759		29.75		24.56
652.0081019		29.75		24.56
653.1145833		29.75		24.56
654.224537		30		24.62
655.369213		29.5		24.62
656.4756944		30.5		24.62
657.5868056		30.75		24.62
658.6979167		30.5		24.69
659.806713		30.5		24.62
660.9224537		30.25		24.69
662.0300926		30		24.69
663.1469907		29.75		24.69
664.2615741		29.75		24.75
665.3680556		30		24.75
666.5150463		29.5		24.75
667.6284722		29.5		24.75
668.7800926		29.75		24.75
669.8935185		29.5		24.81
671.0046296		29.5		24.87
672.1168981		29.5		24.81
673.2685185		28.75		24.81
674.7418981		29.5		24.87
675.9606481		29.25		24.87
677.0694444		29		24.87
678.1747685		28.75		24.87
679.28125		28		24.94
681.5381944		29.25		25.19
682.9236111		28.5		25
684.037037		28.25		25
685.1446759		28.25		25.19
686.2604167		28.5		25.25
687.3726852		28.5		25
688.4803241		28.5		25.06
689.5949074		27.75		25.06
690.7418981		28.25		25.25
691.8541667		28.5		25.31
692.9664352		27.5		25.06
694.2766204		28.25		25.31
695.4293981		28.5		25.31
696.5405093		28.75		25.06
697.6608796		28.5		25.12
698.7708333		28.5		25.12
700.0023148		29		25.19
701.3043981		29.5		25.12
702.4583333		29.25		25.19
703.5694444		29.25		25.19
704.7175926		29.25		25.25
705.8287037		29.5		25.25
706.9733796		29.5		25.25
708.0844907		29		25.19
709.1967593		29.25		25.25
710.3425926		29.5		25.25
711.4502315		29.5		25.25
712.5590278		28.75		25.25
713.8298611		29.25		25.31
714.9791667		29.25		25.31
716.0949074		29		25.31
717.2013889		29.25		25.31
718.3148148		29		25.31
719.4259259		29		25.37
720.5381944		28.75		25.37
721.8113426		29.25		25.37
722.9247685		28.75		25.44
724.0486111		28.75		25.44
725.1597222		28.75		25.44
726.2673611		28.75		25.44
727.3796296		28.75		25.44
728.4918981		28.5		25.44
729.6064815		28.5		25.44
730.8356481		29		25.5
731.9895833		28.5		25.5
733.1018519		28.25		25.5
734.2118056		28		25.75
735.3136574		28		25.75
736.4270833		28.25		25.75
737.6296296		28.75		25.75
738.7824074		28.75		25.56
739.8900463		28		25.56
740.9965278		28.25		25.81
742.1087963		28.25		25.75
743.2199074		28.25		25.75
744.3298611		28.25		25.81
745.5243056		28.75		25.81
746.6782407		29		25.56
747.7847222		29		25.56
748.9085648		29		25.56
750.0162037		29.25		25.56
751.1261574		29		25.56
752.4305556		29.5		25.56
753.587963		29.25		25.56
754.90625		29.75		25.56
756.0173611		30		25.62
757.1608796		29.75		25.56
758.2696759		29.75		25.62
759.3796296		30		25.62
760.5034722		30		25.62
761.6157407		30		25.62
762.7268519		29.75		25.62
763.837963		29.75		25.62
764.9525463		29.5		25.69
766.0636574		29		25.62
767.3391204		29.5		25.62
768.5289352		29.25		25.62
769.6435185		29.5		25.69
770.7488426		29.25		25.69
771.8645833		28.75		25.69
773.0150463		28.75		25.69
774.2395833		29.25		25.69
775.4085648		28.5		25.69
776.5196759		28.75		25.69
777.630787		28.75		25.69
778.7395833		28.75		25.69
779.8518519		29		25.69
780.9641204		28.5		25.75
782.0763889		28.5		25.75
783.193287		28		25.75
784.3773148		28.5		25.94
785.4849537		28.5		25.75
786.5949074		28.25		25.75
787.7060185		28.5		26
788.8206019		28.5		25.75
789.9652778		28.5		25.81
791.0787037		28.5		25.81
792.1875		28		25.81
793.2962963		28.25		26
794.4814815		28.75		26
795.6331019		28.75		25.75
796.744213		28.25		25.81
797.8449074		28.25		26
798.9513889		28.5		26
800.0625		28.5		25.81
801.1736111		28.25		25.81
802.3240741		28.5		26.06
803.4305556		28.75		25.81
804.5324074		28.75		25.81
805.6435185		29		25.81
806.7511574		28.75		25.81
808.0243056		29.25		25.81
809.1712963		29.25		25.81
810.28125		29.25		25.81
811.3900463		29.25		25.81
812.4976852		29		25.81
813.6134259		29		25.87
814.7256944		28.5		25.81
815.8425926		28.75		25.81
816.9525463		28.75		25.87
818.0706019		28.25		25.87
819.2604167		28.75		26.06
820.4085648		29		25.81
821.5173611		28.5		25.81
822.6226852		28.5		25.81
823.7627315		28.75		25.87
824.8703704		28.75		25.87
825.9826389		29		25.87
827.09375		29		25.87
828.2037037		28.75		25.87
829.3148148		28.5		25.87
830.4259259		27.75		25.94
832.0497685		28.75		26.12
833.28125		28.5		25.81
834.4201389		28.75		25.87
835.5243056		28.25		25.87
836.6134259		28.5		26.12
837.7511574		28.25		25.94
838.8553241		28.5		26.12
839.9814815		28.75		25.94
841.0949074		28.75		25.94
842.2048611		28.25		25.94
843.3935185		28.75		26.12
844.5428241		29		25.94
845.6539352		28		25.94
847.0069444		28.75		26.19
848.2106481		28		25.94
849.5543981		28.75		26.12
850.7488426		29		25.94
851.8634259		29		25.94
852.9791667		28.75		25.94
854.46875		29.5		25.94
855.7106481		29.75		25.94
856.8506944		29		26
857.9571759		28.75		26
859.4710648		29.5		26
860.7303241		29.75		25.94
861.84375		29.25		26
862.9895833		29		26
864.1041667		29.25		26
865.2118056		28.75		26
866.3252315		29		26
867.4328704		28.75		26
868.5474537		28.75		26
869.6678241		29		26
870.7824074		29		26
871.8935185		28.75		26
873.0092593		28.25		26.06
874.1990741		28.75		26.25
875.3125		29		26
876.4456019		28.5		26.06
877.5625		28.75		26.06
878.6782407		28.25		26.06
879.7905093		28.25		26.25
880.9027778		28.5		26.25
882.0138889		28.5		26.06
883.1238426		28.5		26.06
884.2303241		28		26.06
885.619213		28.75		26.25
886.7789352		28.75		26.06
887.8888889		29		26.06
889		28.5		26.06
890.1087963		28.25		26.12
891.3368056		28.75		26.31
892.4583333		29		26.06
893.7372685		29.5		26.12
894.8877315		29.25		26.12
896.0358796		28.75		26.06
897.1168981		29		26.06
898.7164352		29.75		26.06
899.9247685		29		26.12
901.1990741		29.5		26.12
902.380787		29		26.06
903.6655093		29.5		26.12
904.8125		29		26.12
905.9305556		29		26.12
907.0393519		28.75		26.12
908.1574074		29		26.12
909.2766204		29		26.12
910.3784722		28.75		26.12
911.5046296		28.75		26.12
912.6354167		28.75		26.12
913.7175926		28.75		26.19
914.8356481		28.25		26.12
916.0231481		28.75		26.37
917.1770833		28.75		26.12
918.2858796		28.75		26.12
919.4039352		28.5		26.19
920.5162037		28		26.12
921.8738426		28.75		26.37
923.0694444		28.75		26.12
924.1770833		28.5		26.19
925.2916667		28.5		26.19
926.3981481		28.5		26.19
927.5081019		28.75		26.19
928.6168981		28.5		26.12
929.7280093		28.75		26.19
930.8738426		28.5		26.19
932.1041667		29		26.25
933.2164352		28		26.19
934.4143519		28.5		26.44
935.5231481		28.75		26.19
936.6296296		29		26.25
937.7453704		29		26.25
938.8587963		28.5		26.25
939.9675926		28.75		26.25
941.1087963		29		26.25
942.2118056		29		26.25
943.3148148		28.5		26.25
944.4270833		28		26.19
946.1423611		29		26.44
947.3738426		28.75		26.25
948.4837963		28.75		26.25
949.5949074		28.75		26.31
950.7060185		28.25		26.25
951.818287		28.25		26.44
