0		18.25		18.12
1.678240741		18.5		18.12
2.777777778		18.25		18.12
3.908564815		18.5		18.12
4.994212963		18		18.12
6.138888889		18.25		18.12
7.216435185		18.75		18.12
8.349537037		18.5		18.12
9.452546296		18.5		18.12
10.59143519		18.75		18.12
11.68518519		18.5		18.12
12.81712963		19.25		18.19
13.90046296		19.25		18.19
15.03009259		18.75		18.12
16.16435185		19.5		18.12
17.25		19.25		18.12
18.37847222		19.5		18.19
19.49652778		19.25		18.12
20.59259259		19.5		18.12
21.69560185		19.75		18.12
22.82407407		19.5		18.12
23.91898148		19.75		18.12
25.04976852		20		18.12
26.18981481		20		18.19
27.28472222		20.25		18.19
28.40972222		20.25		18.12
29.50810185		20.25		18.19
30.60069444		20		18.19
31.71643519		20.5		18.19
32.85069444		20.5		18.19
33.9525463		20.25		18.19
35.07986111		19.75		18.19
36.17361111		20.5		18.12
37.29050926		20		18.19
38.43402778		20.75		18.19
39.52430556		20.25		18.19
40.65509259		20.75		18.19
41.73958333		21		18.19
42.86689815		21		18.19
43.99652778		21.25		18.12
45.09143519		21		18.12
46.23032407		21.25		18.19
47.32407407		21.25		18.19
48.46412037		21		18.19
49.55208333		21.25		18.19
50.67824074		21.25		18.19
51.78125		20.75		18.12
52.89699074		21		18.19
54.02546296		21.25		18.19
55.12731481		20.75		18.19
56.25115741		21		18.19
57.34722222		21		18.19
58.47106481		21.5		18.19
59.56828704		21		18.19
60.70833333		21.25		18.19
61.82523148		21.25		18.19
62.92361111		21.75		18.19
64.02546296		21.5		18.19
65.15277778		21.25		18.12
66.23842593		21.25		18.19
67.38078704		21.5		18.19
68.50810185		21.5		18.19
69.59953704		21.75		18.19
70.72685185		21.75		18.19
71.81365741		21.5		18.19
72.94097222		21.75		18.25
74.07060185		21.75		18.25
75.16898148		22.25		18.25
76.26967593		21.75		18.25
77.40162037		21.5		18.25
78.49421296		22.25		18.19
79.62384259		21.5		18.19
80.71643519		22		18.19
81.85416667		21.5		18.25
82.9837963		22		18.19
84.08217593		21.75		18.19
85.20833333		22.25		18.25
86.29050926		21.75		18.19
87.42708333		21.75		18.19
88.51273148		21.25		18.19
89.6412037		21.75		18.19
90.77430556		22		18.19
91.86921296		22		18.19
92.99652778		21.5		18.19
94.08796296		21		18.19
95.23032407		22		18.19
96.32523148		22.25		18.19
97.41782407		21.75		18.25
98.53587963		21.5		18.25
99.67592593		22.25		18.19
100.8043981		21.75		18.19
101.8981481		21.75		18.19
103.0138889		21.75		18.19
104.1423611		22.25		18.19
105.2337963		21.75		18.19
106.3321759		22.5		18.19
107.474537		22.5		18.19
108.5694444		22.25		18.19
109.7106481		22.25		18.19
110.7905093		22		18.25
111.9351852		22.5		18.25
113.025463		22.5		18.25
114.1655093		22.25		18.25
115.2511574		22.25		18.25
116.3773148		22.5		18.25
117.4791667		22.25		18.19
118.6111111		22		18.25
119.6921296		22.75		18.19
120.8240741		22.5		18.19
121.9548611		22.5		18.25
123.0497685		22.25		18.19
124.1481481		22.75		18.25
125.2928241		22.5		18.25
126.3877315		22.25		18.19
127.5266204		22.75		18.25
128.6423611		23.25		18.25
129.7303241		22.75		18.25
130.8668981		22.5		18.19
131.9837963		22.5		18.25
133.0659722		22.75		18.25
134.1967593		22.75		18.25
135.2939815		22.75		18.25
136.4386574		22.75		18.25
137.5555556		23		18.19
138.6527778		23.25		18.25
139.787037		23		18.25
140.8784722		23.25		18.25
142.0081019		23.5		18.25
143.1111111		23.75		18.19
144.2395833		22.5		18.19
145.3206019		23.75		18.19
146.4641204		23.5		18.19
147.5543981		23		18.19
148.6828704		23.5		18.19
149.7708333		23.25		18.25
150.8993056		23.5		18.25
152.025463		23.5		18.19
153.1076389		23.75		18.19
154.2453704		23.5		18.19
155.3773148		23.5		18.19
156.4594907		24		18.25
157.587963		24		18.19
158.6851852		24		18.19
159.8206019		24.25		18.25
160.9502315		23.75		18.19
162.025463		23.75		18.25
163.1655093		23.75		18.19
164.2476852		23.75		18.25
165.375		24		18.25
166.5127315		24		18.25
167.6006944		24		18.25
168.7268519		24		18.25
169.8553241		24.5		18.25
170.9328704		24		18.25
172.0706019		24.25		18.25
173.1759259		24		18.25
174.3113426		24		18.25
175.3865741		24		18.25
176.5266204		24.25		18.19
177.6157407		24.5		18.19
178.7465278		25		18.25
179.8425926		24.75		18.25
180.9826389		24.25		18.25
182.0763889		24.5		18.25
183.2083333		25		18.25
184.2997685		24.25		18.25
185.4282407		24.75		18.25
186.556713		24.75		18.25
187.6423611		24.75		18.25
188.7708333		25		18.25
189.8935185		24.75		18.25
190.9895833		24.75		18.25
192.1226852		25.25		18.25
193.25		25.5		18.25
194.3229167		25.25		18.25
195.4490741		26		18.25
196.5555556		25.5		18.25
197.6840278		26		18.25
198.8159722		25.75		18.25
199.8958333		25.75		18.25
201.0381944		25.75		18.25
202.1331019		25.75		18.31
203.2685185		25.75		18.25
204.3541667		25.5		18.25
205.494213		25.5		18.25
206.5763889		25.75		18.25
207.7083333		26		18.25
208.8113426		26.25		18.25
209.9513889		25.75		18.25
211.0231481		26		18.25
212.1493056		26.25		18.25
213.2835648		25.5		18.25
214.3773148		26.5		18.25
215.5011574		26.25		18.25
216.6215278		26		18.25
217.7164352		26		18.25
218.84375		26.5		18.25
219.943287		26.5		18.25
221.0752315		26.75		18.25
222.1736111		27		18.25
223.2893519		26.25		18.25
224.4178241		26.75		18.25
225.5034722		26.75		18.25
226.6458333		26.75		18.25
227.7696759		26.5		18.25
228.8506944		26.5		18.25
229.9837963		27		18.25
231.1111111		27.25		18.25
232.2118056		27.25		18.25
233.3425926		27		18.25
234.4398148		26.75		18.25
235.5335648		26.75		18.19
236.6516204		26.75		18.25
237.7951389		26.5		18.25
238.8969907		26.75		18.19
240.0243056		26.75		18.25
241.1122685		27.5		18.31
242.25		27		18.25
243.3483796		27.5		18.25
244.4386574		27.5		18.25
245.5648148		27.25		18.25
246.662037		27.75		18.25
247.8009259		27.25		18.25
248.9189815		27.75		18.25
250.0150463		27.5		18.25
251.1631944		28		18.25
252.2615741		27.75		18.25
253.3854167		28		18.25
254.4710648		27.75		18.25
255.6111111		27.25		18.25
256.7060185		27.5		18.25
257.8425926		28		18.25
258.9409722		27.75		18.25
260.0335648		28		18.25
261.162037		28		18.25
262.2569444		28		18.31
263.4085648		27.75		18.25
264.5011574		27.5		18.25
265.6180556		27.5		18.25
266.7164352		28.25		18.25
267.8553241		27		18.25
268.9467593		28		18.25
270.0752315		27.75		18.25
271.2083333		28		18.25
272.3009259		28		18.31
273.4293981		28.5		18.25
274.5138889		27.75		18.25
275.6527778		28.25		18.31
276.7465278		28.5		18.25
277.875		28.25		18.25
279.005787		28.5		18.25
280.087963		28.25		18.25
281.2256944		28		18.25
282.3078704		28.25		18.25
283.4409722		28.25		18.25
284.5335648		28.5		18.25
285.662037		28.75		18.25
286.7916667		28.75		18.25
287.880787		28.5		18.25
289.0173611		28.5		18.25
290.1412037		28.75		18.19
291.2280093		29.25		18.25
292.3680556		28.75		18.19
293.4699074		29		18.19
294.5868056		28.5		18.25
295.6678241		28.5		18.25
296.8009259		28.75		18.25
297.9340278		29		18.25
299.0324074		28.75		18.25
300.1284722		29.25		18.25
301.2581019		29		18.25
302.3969907		28.75		18.25
303.4837963		29.25		18.25
304.6111111		28.5		18.25
305.7141204		28.75		18.25
306.8113426		29		18.25
307.9363426		29		18.25
309.068287		29.25		18.25
310.1666667		29.25		18.25
311.2650463		29.25		18.25
312.3831019		29		18.25
313.525463		29		18.25
314.6226852		29		18.25
315.7592593		29.25		18.25
316.8414352		29.25		18.25
317.9814815		29.5		18.25
319.0636574		29		18.25
320.1921296		29.25		18.25
321.3171296		29.75		18.25
322.40625		29.25		18.25
323.5578704		29		18.25
324.6365741		29.5		18.25
325.7731481		29.5		18.25
326.8645833		30		18.25
327.9930556		29.75		18.25
329.1203704		29.5		18.25
330.2256944		29.25		18.25
331.3125		30		18.25
332.4513889		29.25		18.25
333.5821759		29.75		18.25
334.6736111		29.5		18.25
335.78125		29.5		18.25
336.90625		30		18.25
338.0381944		29.75		18.25
339.1203704		30		18.25
340.2581019		30.25		18.25
341.3576389		30		18.25
342.4953704		29.75		18.19
343.5868056		29.75		18.25
344.7037037		30.25		18.25
345.8020833		30		18.25
346.9409722		30.5		18.25
348.0428241		30.25		18.25
349.1724537		30.25		18.25
350.2581019		29.75		18.25
351.3981481		30.25		18.31
352.4814815		30.75		18.25
353.6168981		30		18.19
354.7152778		30.5		18.25
355.8541667		30.75		18.25
356.9479167		30.5		18.25
358.0648148		30.5		18.25
359.1643519		30.75		18.25
360.3101852		30.5		18.25
361.3923611		30.5		18.25
362.5243056		30.5		18.25
363.619213		30.75		18.25
364.7627315		30.75		18.25
365.8611111		31		18.25
366.9791667		31		18.25
368.0763889		31.25		18.25
369.1921296		31.25		18.25
370.3206019		31.75		18.25
371.4108796		31.5		18.25
372.5324074		32		18.25
373.6712963		31.75		18.31
374.7534722		31.75		18.25
375.8865741		31.5		18.25
377.0601852		32.25		18.25
378.1898148		32		18.25
379.2962963		32.25		18.19
380.4351852		31.75		18.25
381.6226852		32.5		18.25
382.7534722		32.5		18.25
383.8831019		32.75		18.25
384.9768519		32.75		18.25
386.1134259		33.25		18.25
387.2407407		33		18.25
388.3402778		33.25		18.25
389.4664352		32.75		18.25
390.5949074		33		18.25
391.681713		33		18.25
392.818287		33.25		18.25
393.9930556		33.75		18.25
395.1215278		33.5		18.25
396.2650463		33.5		18.25
397.3587963		33		18.25
398.5335648		33.5		18.19
399.6655093		33.5		18.25
400.8888889		34		18.25
402.0243056		33.75		18.25
403.1643519		33.75		18.19
404.2453704		33.5		18.25
405.3796296		33.75		18.25
406.4618056		34		18.25
407.6087963		34.25		18.19
408.7060185		34.25		18.25
409.8356481		33.75		18.25
410.9560185		34		18.25
412.5023148		34.75		18.25
413.7222222		34.25		17.94
414.849537		34.5		18.25
415.9780093		34.25		18.19
417.1099537		33.75		18.31
418.2314815		34		18.25
419.7719907		34.75		18.25
420.9872685		34.75		18
422.1261574		34.5		17.94
423.2071759		35		18.25
424.3831019		34.75		18
425.5150463		34.75		17.94
426.6064815		34.5		18
427.7349537		35		18.31
428.8611111		35.25		17.94
429.9479167		35		18
431.0763889		35.25		18
432.1585648		35		18
433.2951389		35		18
434.4270833		35		18
435.5092593		35.5		17.94
436.6076389		35.25		18.06
437.7465278		35.25		18.06
438.8483796		35.5		18.06
439.9467593		35.5		18.06
441.0833333		35.5		18.06
442.1689815		35		18.06
443.2974537		35.5		18.06
444.3877315		35.25		18.06
445.5162037		35.25		18.06
446.6481481		35.5		18.06
447.7303241		35.25		18.06
448.8472222		35.25		18.06
449.9814815		35		18.19
451.0821759		35.5		18.25
452.1759259		35		18.31
453.3055556		35.5		18.44
454.3900463		35		18.5
455.5185185		35		18.56
456.6099537		35.25		18.69
457.7372685		35.5		18.75
458.869213		35.5		18.81
459.9513889		35.25		18.87
461.0914352		35.75		18.94
462.1840278		35.75		19.06
463.3159722		35.5		19.12
464.3958333		35.5		19.25
465.5266204		35.5		19.31
466.6226852		35		19.37
467.7638889		35.5		19.5
468.8657407		35.25		19.56
469.9814815		35.25		19.69
471.0636574		35.5		19.75
472.1956019		35.75		19.81
473.287037		35.5		19.87
474.4386574		35.5		20
475.537037		35.25		20.12
476.630787		35.75		20.19
477.7592593		35.25		20.25
478.8518519		35		20.31
479.9594907		35.25		20.44
481.0856481		35.25		20.56
482.2141204		35.25		20.62
483.3425926		34.75		20.75
484.4421296		34.75		20.81
485.5625		35.25		20.87
486.6527778		35.5		21
487.78125		35		21.12
488.8726852		35.25		21.25
490.0138889		35		21.31
491.0902778		34.25		21.44
492.2361111		33		21.69
493.3310185		32		21.81
494.4594907		31.25		21.94
495.587963		31		22
496.6840278		30.75		22.06
497.7800926		30.75		22.06
498.9050926		30		22.12
500.0324074		30		22.12
501.1180556		30.25		22.19
502.2465278		30		22.19
503.3784722		30		22.19
504.4826389		30		22.19
505.5752315		29.25		22.19
506.693287		29.75		22.25
507.8310185		29.75		22.25
508.9074074		29.75		22.31
510.0486111		29.25		22.31
511.1712963		30		22.25
512.2546296		29.5		22.31
513.3865741		29.75		22.31
514.5150463		29.75		22.31
515.5972222		30		22.31
516.7337963		30.25		22.37
517.8194444		30.5		22.31
518.9490741		30.75		22.37
520.087963		30.75		22.37
521.1736111		31.25		22.37
522.275463		31		22.31
523.4155093		31.25		22.37
524.5324074		31.75		22.37
525.6296296		31.75		22.37
526.7696759		31.5		22.37
527.8541667		31.5		22.37
528.9895833		31.5		22.37
530.3541667		32.5		22.31
531.5428241		32.5		22.37
532.6342593		32.25		22.37
533.7650463		32		22.37
534.9988426		32.75		22.37
536.130787		32.5		22.37
537.2592593		32.75		22.37
538.3506944		33		22.37
539.4548611		32.75		22.37
540.5983796		32.75		22.37
541.6909722		32.25		22.31
542.8310185		32.5		22.31
543.9131944		33		22.31
545.0555556		32.5		22.31
546.1446759		33		22.31
547.287037		32.25		22.31
548.3831019		32.75		22.31
549.4988426		33		22.31
550.5960648		32.75		22.31
551.744213		33.25		22.31
552.8738426		33		22.25
554		33.25		22.25
555.0868056		33.25		22.25
556.2152778		33.25		22.25
557.6087963		34		22.19
558.8229167		34		22.19
559.9189815		33.75		22.19
561.0451389		34		22.12
562.150463		33.75		22.19
563.2800926		33.75		22.19
564.3738426		33.75		22.19
565.8993056		34.5		22.12
567.0740741		34.25		22.12
568.2141204		34.25		22.12
569.2951389		34		22.12
570.4282407		34		22.12
571.568287		34		22.12
572.65625		33.25		22.06
573.8333333		33.75		22.12
575.1423611		34.25		22.06
576.318287		34.5		22.06
577.4085648		34		22.06
578.7210648		34.5		22
579.8530093		34.25		22.06
580.9814815		34.5		22
582.1215278		35		22
583.2997685		34.75		21.81
584.3819444		35		21.81
585.5266204		35		21.87
586.6122685		35		21.87
587.7453704		35		21.87
588.8402778		35.25		21.94
589.9675926		35		22.06
591.0520833		34.75		22.12
592.1863426		34.75		22.19
593.318287		35.25		22.25
594.400463		35		22.31
595.5289352		34.75		22.44
596.6145833		35.25		22.56
597.7534722		35		22.62
598.880787		34.5		22.75
599.9641204		35		23
601.1527778		34.75		22.87
602.2337963		34.75		23
603.3622685		35		23.06
604.5046296		34.75		23.19
605.6319444		34.5		23.25
606.7152778		33.75		23.56
607.8460648		34		23.62
608.9398148		33.25		23.69
610.0821759		33		23.81
611.1828704		32.25		23.87
612.2997685		31.75		23.87
613.3958333		31.75		23.94
614.5358796		31.75		23.94
615.6296296		31.75		24
616.7731481		32		24
617.8530093		31.25		24
618.9930556		31.5		24.06
620.0868056		31.75		24.06
621.1840278		32		24.12
622.3263889		31.75		24.12
623.4155093		32		24.12
624.5439815		32.25		24.12
625.6655093		32.25		24.12
626.7592593		32.25		24.12
627.8796296		32.5		24.12
629.0243056		32.5		24.12
630.1099537		32.5		24.12
631.2372685		32.5		24.12
632.3194444		32.5		24.12
633.4479167		32.75		24.12
634.5555556		32.5		24.12
635.6828704		32.25		24.12
636.7777778		32.5		24.06
637.9085648		32		24.06
639.1412037		32.75		24.06
640.2708333		32.75		24.06
641.3969907		32.5		24.06
642.5034722		32.75		24
643.6435185		32.75		24
644.7372685		33		24
645.869213		33		24
646.9513889		33		23.94
648.0925926		33		23.94
649.193287		33		23.94
650.3275463		33.25		23.94
651.4085648		32.75		23.94
652.5844907		33.25		23.87
653.6643519		33.25		23.94
654.8171296		33		23.87
655.9108796		33.25		23.87
657.0277778		33		23.87
658.1944444		33.5		23.87
659.3368056		32.5		23.87
660.6018519		33.25		23.81
661.7766204		33.5		23.81
662.9085648		33.25		23.81
663.9988426		33.25		23.75
665.1284722		33.5		23.75
666.2118056		33.25		23.75
667.4351852		33.75		23.75
668.5648148		33.75		23.69
669.6793981		33.5		23.69
670.7685185		33.75		23.69
671.9039352		33.75		23.69
672.9965278		33.75		23.62
674.125		34		23.62
675.2233796		34.25		23.62
676.3518519		33.75		23.62
677.6087963		34.25		23.62
678.7488426		33.5		23.56
680.6006944		34.5		23.56
681.8622685		34		23.5
682.9571759		34		23.5
684.1006944		34		23.44
685.6493056		34.75		23.44
686.8587963		34.75		23.06
688.0023148		34.5		23.12
689.1516204		34.75		23.37
690.2800926		35		23.06
691.3611111		35		23.12
692.4930556		35		23.12
693.6226852		34.5		23.12
694.7465278		34.75		23.44
695.8888889		35		23.25
697.03125		34.5		23.37
698.1168981		35.25		23.69
699.2453704		35		23.44
700.3391204		35		23.56
701.4421296		35.25		23.62
702.5810185		35.25		23.69
703.6990741		35.25		23.75
704.7974537		35.25		23.87
705.8888889		35		23.94
707.0300926		34.75		24.06
708.1215278		35.5		24.19
709.2523148		35		24.31
710.3472222		35.5		24.44
711.474537		35		24.56
712.5601852		35.25		24.62
713.662037		35.5		24.69
714.8020833		35.5		24.81
715.8958333		35.5		24.87
717.0393519		35.25		24.87
718.1331019		35.25		25
719.2280093		35.25		25.12
720.3518519		35.25		25.19
721.4502315		35.5		25.25
722.5902778		35.25		25.37
723.6759259		34.75		25.37
724.8043981		35.5		25.5
725.9074074		35.25		25.56
727.0474537		35.25		25.69
728.1284722		35.25		25.75
729.2604167		34.5		25.75
730.3541667		35		26.06
731.4583333		35		25.87
732.5891204		35		26
733.7141204		35.5		26
734.8125		35		26.06
735.9270833		35.5		26.12
737.0173611		35.25		26.19
738.1516204		35		26.25
739.2465278		35		26.31
740.3622685		34.75		26.37
741.4895833		35.25		26.44
742.5810185		35		26.5
743.6782407		35		26.56
744.7939815		35.5		26.62
745.9155093		35		26.75
747.0555556		34.5		26.81
748.1377315		34		27.06
749.275463		33.5		27.19
750.4953704		34		27.25
751.6747685		33.5		27.31
752.8020833		33		27.37
753.8842593		32.75		27.44
755.0173611		32.75		27.5
756.1006944		32.75		27.56
757.2349537		33		27.56
758.3645833		33		27.56
759.462963		32.5		27.62
760.5902778		32.5		27.69
761.6724537		32		27.69
762.931713		32.75		27.75
764.0717593		33		27.75
765.162037		33		27.75
766.2951389		33		27.75
767.3877315		33		27.75
768.5277778		33		27.81
769.7037037		33.5		27.81
770.7893519		33.25		27.81
771.9375		33.5		27.75
773.0324074		33.5		27.81
774.1631944		33.75		27.75
775.2881944		33.75		27.81
776.3865741		33.75		27.75
777.4756944		33.75		27.75
778.7465278		34.25		27.75
779.8865741		33.75		27.75
781.1678241		34.25		27.75
782.2939815		34		27.75
783.4259259		33.5		27.75
784.8842593		34.25		27.69
786.0671296		34.25		27.69
787.2048611		34.25		27.69
788.2916667		34.25		27.69
789.431713		34		27.62
790.6979167		34.5		27.62
791.9212963		34.75		27.62
793.0636574		34.75		27.31
794.1446759		35		27.37
795.2511574		35.25		27.31
796.3923611		34.5		27.37
797.5775463		34.75		27.62
798.7060185		34.75		27.31
799.8229167		34.75		27.5
800.912037		34.5		27.5
802.0520833		33.75		27.75
803.3101852		34.25		27.75
804.6678241		34.75		27.81
805.8078704		34.5		27.62
806.9918981		34.75		27.87
808.0972222		34.5		27.69
809.2627315		34.75		27.94
810.4050926		34.5		27.69
811.5451389		34.75		27.94
812.6747685		34.5		27.81
813.8043981		34.25		28
815.1516204		34.75		28.06
816.2951389		34.75		27.81
817.3912037		34.5		27.94
818.5381944		34.5		28.12
819.6261574		34.5		28.19
820.7604167		34.25		28.19
821.8923611		34.5		28.25
823.0208333		34.25		28.25
824.1134259		34.25		28.31
825.2546296		34.5		28.31
826.3946759		34.25		28.31
827.5358796		34.5		28.31
828.6215278		34.5		28.31
829.7488426		34		28.31
831.306713		34.75		28.31
832.5150463		34.75		28
833.6597222		34.75		28.12
834.7534722		34.75		28.12
835.8715278		35		28.12
836.9722222		35		28.12
838.0891204		35.25		28.19
839.1863426		35.5		28.25
840.3020833		35.5		28.25
841.431713		35		28.31
842.5243056		35		28.37
843.6655093		35.5		28.44
844.7523148		35.25		28.5
845.8773148		34.75		28.56
846.9976852		35.25		28.62
848.0960648		35.25		28.69
849.193287		35		28.75
850.3252315		34.75		28.81
851.4548611		34.25		28.87
852.5706019		34.25		29.19
853.6689815		34.25		29.25
854.7719907		34.25		29.37
855.912037		34.25		29.37
857.0497685		34.5		29.44
858.1261574		33.75		29.44
859.2650463		33.75		29.5
860.3541667		34		29.56
861.4837963		33.75		29.56
862.6122685		33.75		29.56
863.6979167		34		29.56
864.8414352		34.25		29.62
865.9375		34		29.62
867.0798611		34		29.56
868.1782407		34		29.56
869.3078704		34.25		29.56
870.3888889		33.75		29.56
871.6597222		34.25		29.56
872.8344907		34.25		29.56
873.9050926		34.25		29.56
875.0451389		34		29.56
876.1747685		34.25		29.56
877.3148148		34.5		29.5
878.4814815		34.75		29.5
879.5740741		35		29.19
880.7141204		34.75		29.25
881.8101852		35		29.25
882.9467593		35		29.25
884.0775463		35		29.31
885.1724537		35		29.31
886.2986111		35.25		29.31
887.3831019		35.5		29.37
888.4872685		35.25		29.37
889.6284722		35.25		29.44
890.744213		35.25		29.5
891.8414352		35.5		29.5
892.9351852		35.75		29.56
894.0381944		35.5		29.62
895.1655093		35		29.69
896.2986111		35.5		29.69
897.3923611		35.25		29.81
898.5219907		35.25		29.87
899.6041667		35.25		29.87
900.7453704		34		29.94
902.3263889		34.75		30.19
903.5358796		34.75		29.94
904.6793981		34.75		30.06
905.7743056		34.5		30.06
906.9502315		34.75		30.31
908.0856481		34.75		30.06
909.2164352		34.5		30.12
910.2986111		34.25		30.37
911.4398148		34		30.37
912.9872685		34.75		30.37
914.2083333		34.75		30.19
915.306713		34.5		30.25
916.4421296		34.25		30.44
917.5277778		34.25		30.5
918.8877315		34.75		30.5
920.0509259		34.75		30.31
921.1377315		34.25		30.37
922.2789352		34.5		30.56
923.4143519		34.25		30.56
924.53125		34.5		30.56
925.6608796		34.25		30.62
926.9756944		34.75		30.62
928.1516204		34.5		30.37
929.3252315		34.75		30.62
930.4224537		34.5		30.31
931.5671296		34.5		30.62
932.7048611		34.75		30.62
933.8333333		34.75		30.25
934.9722222		35.25		30.37
936.1585648		34.75		30.31
937.275463		35.25		30.31
938.4189815		34.75		30.37
939.5590278		35		30.37
940.6655093		34.5		30.37
941.8043981		35.25		30.62
943.0393519		34.75		30.44
944.1354167		35.5		30.5
945.2719907		35.25		30.5
946.3576389		35.75		30.5
947.4861111		35.5		30.5
948.5775463		35		30.56
949.7094907		35.25		30.62
950.849537		34.75		30.62
951.943287		35.75		30.62
953.0706019		35		30.69
954.1689815		35		30.75
955.3055556		35		30.81
956.3993056		35		30.81
957.5150463		34.75		30.87
958.6365741		35		30.87
959.775463		34.5		30.94
960.8784722		35		31.19
962.0416667		34.5		30.94
963.1388889		34.25		31.19
964.2800926		35.25		31.25
965.6284722		34.5		31.06
966.724537		34.5		31.25
967.8668981		34.75		31.25
969.0046296		34.5		31.06
970.1111111		34.25		31.31
971.28125		34.5		31.31
972.369213		34.5		31.31
973.5428241		34.75		31.25
974.6712963		35		31
975.8032407		34.25		31.06
976.8854167		34.25		31.25
978.2349537		34.75		31.25
979.4074074		34.5		30.87
980.5532407		34.75		31.12
981.6909722		34.5		30.87
982.8055556		34.5		31.06
983.9953704		34.75		31.06
985.0902778		34.75		30.87
986.2210648		34.75		30.87
987.3125		34.5		30.87
988.4884259		34.75		31.06
989.6157407		35.25		30.87
990.7361111		35		30.87
991.8298611		35.5		30.94
992.9699074		35		30.94
994.0671296		35.75		31
995.1550926		35.75		30.94
996.2824074		35.75		31
997.3796296		35.25		31
998.5092593		35.25		31.06
999.6365741		35.75		31.12
1000.731481		35.75		31.12
1001.814815		35.5		31.12
1002.94213		36		31.12
1004.074074		35.25		31.12
1005.167824		35.25		31.19
1006.269676		35.5		31.19
1007.387731		35		31.19
1008.52662		35.5		31.25
1009.623843		35.25		31.25
1010.717593		35		31.25
1011.824074		35		31.31
1012.949074		35.25		31.31
1014.081019		35.25		31.31
1015.163194		34.75		31.37
1016.291667		35.25		31.37
1017.517361		34.75		31.44
1018.600694		35		31.5
1019.746528		34.75		31.5
1020.875		34.75		31.5
1021.960648		34.75		31.5
1023.091435		35		31.5
1024.21875		35		31.56
1025.310185		34.75		31.56
1026.41088		34.25		31.56
1027.582176		34.5		31.81
1028.716435		34.5		31.81
1029.842593		34.25		31.81
1030.936343		34.25		31.81
1032.076389		34.25		31.81
1033.153935		34		31.87
1034.483796		34.5		31.87
1035.668981		34.5		31.87
1036.800926		34.75		31.87
1037.927083		34.75		31.56
1039.071759		34.75		31.56
1040.188657		35		31.62
1041.28125		34.5		31.62
1042.40625		35		31.81
1043.596065		34.75		31.56
1044.689815		35		31.56
1045.80787		35.5		31.62
1046.903935		35		31.62
1048.043981		35		31.62
1049.15162		35.25		31.62
1050.244213		35		31.62
1051.383102		35.25		31.69
1052.476852		35.25		31.69
1053.611111		35.25		31.69
1054.711806		35		31.69
1055.81713		35.25		31.75
1056.91088		35		31.75
1058.028935		35.25		31.75
1059.171296		34.75		31.75
1060.273148		35.25		31.81
1061.49537		34.25		31.81
1062.803241		34.75		32.06
1063.991898		34.25		31.81
1065.079861		34.25		32.06
1066.43287		34.75		32.06
1067.55787		34.5		31.87
1068.702546		34.5		32.06
1069.826389		34.5		32.06
1070.915509		34.5		32.06
1072.055556		34.5		32.06
1073.157407		34.25		32.06
1074.496528		34.75		32.06
1075.631944		34.75		31.81
1076.777778		34.75		31.87
1077.859954		34.75		31.75
1079		34.75		31.81
1080.085648		34.25		31.81
1081.21412		35		32
1082.319444		35		31.81
1083.444444		35.25		31.81
1084.565972		34.75		31.81
1085.694444		34.75		31.81
1086.810185		34.75		31.81
1087.907407		34.75		31.81
1089.010417		35		31.81
1090.138889		34.5		31.81
1091.313657		34.75		32.06
1092.445602		35		31.81
1093.527778		35		31.87
1094.659722		34.25		31.81
1095.747685		35		32
1096.87963		35		31.81
1098.008102		35		31.81
1099.125		35		31.87
1100.212963		35		31.87
1101.3125		34.75		31.81
1102.440972		35		31.87
1103.55787		34.75		31.87
1104.686343		34.25		31.87
1106.003472		34.75		32.06
1107.178241		34.75		31.81
1108.306713		34.75		31.87
1109.405093		34.25		31.87
1110.765046		34.75		32.06
1111.892361		34.25		31.87
1113.221065		34.75		32.06
1114.407407		34.75		31.75
1115.503472		34.75		31.87
1116.627315		34.75		31.81
1117.724537		34.75		31.81
1118.863426		35		31.87
1119.981481		35		31.81
1121.078704		35		31.81
1122.180556		35		31.87
1123.30787		34.5		31.87
1124.449074		34.75		32.06
1125.578704		34.5		31.87
1126.722222		34.25		32.13
1127.809028		35.25		32.13
1129.166667		34.75		31.94
1130.265046		34.5		31.94
1131.449074		34.75		32.13
1132.540509		35.25		31.87
1133.666667		35		31.94
1134.762731		35.25		32
1135.902778		35		32
1136.988426		35		32
1138.114583		35		32.06
1139.196759		35		32
1140.336806		34.5		32.06
1141.46875		34.75		32.25
1142.597222		35		32
1143.738426		34.75		32.13
1144.827546		35		32.06
1145.956019		35		32.06
1147.053241		34.75		32.13
1148.194444		34.5		32.13
1149.282407		34.5		32.38
1150.467593		34.75		32.38
1151.556713		35.25		32.13
1152.700231		35		32.19
1153.8125		34.75		32.19
1154.935185		35		32.19
1156.030093		35		32.19
1157.131944		35		32.25
1158.246528		34.25		32.25
1159.576389		34.75		32.44
1160.762731		34.75		32.25
1161.832176		34.75		32.25
1162.975694		35.25		32.25
1164.163194		34.5		32.25
1165.340278		34.75		32.5
1166.431713		34.75		32.25
1167.574074		35		32.31
1168.666667		35		32.25
1169.765046		35		32.25
1170.887731		34.25		32.25
1172.204861		34.75		32.5
1173.380787		34.25		32.19
1174.512731		35		32.44
1175.615741		35		32.25
1176.708333		35		32.19
1177.851852		34.5		32.19
1178.980324		34.75		32.44
1180.109954		34.75		32.13
1181.247685		34.75		32.19
1182.33912		34.75		32.19
1183.461806		34.75		32.13
1184.58912		34.75		32.19
1185.681713		34.75		32.19
1186.822917		34.75		32.19
1187.905093		35		32.19
1189.043981		34.5		32.19
1190.173611		35		32.38
1191.25463		35		32.19
1192.387731		34.5		32.25
1193.572917		34.75		32.44
1194.662037		35		32.19
1195.792824		34.75		32.25
1196.924769		34.25		32.19
1198.018519		35		32.44
1199.240741		34.5		32.19
1200.371528		34.5		32.38
1201.511574		34.75		32.38
1202.648148		34.75		32.13
1203.77662		34.5		32.13
1204.868056		34		32.38
1206.445602		34.75		32.31
1207.678241		34.5		32.13
1208.810185		34.75		32.31
1209.947917		34.5		32.13
1211.121528		34.75		32.38
1212.262731		34.75		32.13
1213.34838		34.75		32.13
1214.488426		34.75		32.13
1215.570602		34.75		32.06
1216.707176		34.25		32.13
1217.804398		35.25		32.25
1218.944444		35		32.06
1220.038194		34.5		32.06
1221.155093		35		32.31
1222.25463		35		32.06
1223.388889		34.75		32.13
1224.483796		34.75		32.06
1225.614583		34.5		32.06
1226.709491		35		32.25
1227.836806		35.5		32.06
1228.929398		35		32.06
1230.056713		35.5		32.06
1231.234954		34.75		32.06
1232.363426		35.25		32.06
1233.449074		35		32.06
1234.591435		34.5		32.06
1235.730324		34.75		32.31
1236.855324		35.25		32.06
1238.028935		34.75		32.13
1239.162037		34.75		32.13
1240.259259		34.25		32.06
1241.396991		34.5		32.31
1242.539352		34.25		32.25
1243.865741		34.75		32.31
1245.005787		34.25		32
1246.368056		34.75		32.31
1247.497685		34.75		32.13
1248.627315		35		32.06
1249.762731		34.25		32.06
1250.858796		35		32.25
1252.097222		34.75		32.06
1253.222222		34.75		32.06
1254.302083		34.75		32.13
1255.445602		34.75		32.13
1256.548611		34.75		32.13
1257.666667		34.25		32.06
1258.979167		34.75		32.38
1260.15625		34.75		32.13
1261.28588		34.5		32.13
1262.361111		35		32.31
1263.489583		35		32.19
1264.584491		34.5		32.19
1265.730324		35		32.38
1266.90625		34.75		32.19
1267.991898		34.75		32.19
1269.130787		34.75		32.25
1270.212963		34.5		32.19
1271.351852		34.5		32.44
1272.449074		34.5		32.44
1273.541667		35		32.44
1274.658565		35		32.19
1275.802083		34.75		32.25
1276.895833		34.75		32.31
1278.032407		34.5		32.25
1279.16088		34.75		32.44
1280.293981		34.75		32.19
1281.422454		34.75		32.25
1282.538194		35		32.25
1283.638889		35		32.31
1284.784722		34.5		32.25
1285.925926		34.75		32.44
1287.053241		35		32.19
1288.174769		34.5		32.19
1289.300926		35		32.44
1290.388889		35.25		32.25
1291.486111		35.25		32.25
1292.618056		35		32.25
1293.747685		34.5		32.25
1294.875		34.75		32.44
1296.038194		34.5		32.19
1297.140046		35		32.44
1298.238426		35		32.19
1299.366898		34.75		32.19
1300.49537		34.5		32.19
1301.59375		35		32.44
1302.782407		34.75		32.19
1303.865741		34.75		32.19
1304.966435		34.75		32.19
1306.094907		35		32.19
1307.189815		35.25		32.19
1308.353009		34.75		32.19
1309.450231		34.5		32.19
1310.636574		34.75		32.38
1311.774306		34.75		32.19
1312.87037		34.75		32.25
1313.998843		34.75		32.13
1315.081019		35		32.13
1316.209491		34.75		32.13
1317.337963		35		32.19
1318.43287		35.25		32.19
1319.561343		35		32.13
1320.693287		34.75		32.19
1321.78588		34.5		32.19
1322.881944		34.5		32.44
1324.028935		35		32.44
1325.145833		35		32.19
1326.243056		34.75		32.25
1327.336806		34.75		32.25
1328.454861		35		32.25
1329.594907		34.5		32.25
1330.780093		34.75		32.44
1331.862269		35		32.19
1332.993056		34.25		32.25
1334.12037		34.5		32.44
1335.309028		34.75		32.44
1336.425926		34.75		32.25
1337.570602		35		32.25
1338.673611		34.75		32.25
1339.811343		35		32.25
1340.90625		34.75		32.25
1342.038194		35		32.25
1343.165509		35		32.31
1344.270833		35		32.31
1345.386574		34.75		32.31
1346.482639		34.5		32.31
1347.622685		34.5		32.5
1348.762731		34.75		32.5
1349.895833		35		32.31
1351.032407		34.75		32.38
1352.126157		34.5		32.31
1353.302083		34.75		32.56
1354.429398		34.75		32.31
1355.515046		35.25		32.38
1356.646991		35		32.38
1357.74537		34.5		32.38
1358.876157		34		32.56
1360.415509		34.75		32.56
1361.623843		34.75		32.38
1362.756944		35		32.38
1363.905093		34.75		32.38
1364.986111		34.75		32.38
1366.127315		34.75		32.38
1367.243056		34.25		32.38
1368.340278		35		32.56
1369.572917		34.75		32.31
1370.670139		34.75		32.38
1371.796296		35.25		32.38
1372.890046		35		32.38
1374.017361		35		32.38
1375.150463		35		32.44
1376.244213		34.5		32.38
1377.394676		34.75		32.63
1378.525463		35		32.38
1379.65162		34.5		32.44
1380.747685		35		32.63
1381.934028		34.5		32.38
1383.049769		35		32.63
1384.152778		35		32.44
1385.25		35		32.44
1386.37963		34.75		32.44
1387.506944		34.75		32.44
1388.592593		34.75		32.44
1389.722222		35.25		32.5
1390.813657		35		32.44
1391.951389		35		32.44
1393.038194		34.75		32.44
1394.177083		34.5		32.44
1395.265046		35		32.69
1396.396991		35		32.44
1397.494213		35		32.5
1398.634259		34.5		32.5
1399.751157		35		32.69
1400.84838		35		32.5
1401.951389		35		32.44
1403.081019		34.75		32.5
1404.163194		35		32.5
1405.305556		34.75		32.5
1406.445602		34.5		32.5
1407.62037		34.75		32.69
1408.710648		34.75		32.38
1409.854167		34.75		32.38
1410.949074		34.5		32.38
1412.111111		34.75		32.63
1413.25463		34.5		32.38
1414.349537		34		32.69
1415.665509		34.5		32.63
1416.751157		35		32.63
1417.936343		34.75		32.44
1419.038194		34.25		32.38
1420.164352		34.25		32.56
1421.293981		34.5		32.56
1422.482639		34.75		32.56
1423.611111		34.75		32.31
1424.696759		34.5		32.31
1425.832176		35		32.5
1426.962963		34.5		32.25
1428.091435		35		32.5
1429.221065		35		32.25
1430.31713		34.75		32.31
1431.418981		35		32.25
1432.561343		35		32.31
1433.62963		35.25		32.25
1434.773148		35.25		32.25
1435.871528		35.25		32.25
1437.008102		35		32.25
1438.09838		35.25		32.25
1439.231481		35.5		32.25
1440.3125		35.5		32.25
1441.446759		35		32.25
1442.538194		35		32.25
1443.641204		35.5		32.25
1444.873843		34.75		32.25
1445.943287		35.25		32.19
1447.087963		35.25		32.25
1448.181713		35		32.25
1449.299769		35.25		32.25
1450.400463		35		32.19
1451.532407		35		32.19
1452.615741		35		32.25
1453.731481		34		32.25
1455.33912		34.75		32.44
1456.570602		34.25		32.19
1457.664352		34.25		32.44
1458.796296		34.5		32.44
1459.971065		34.75		32.44
1461.111111		34.5		32.19
1462.251157		34.75		32.44
1463.383102		35		32.19
1464.519676		34.5		32.25
1465.604167		34		32.44
1467.189815		34.75		32.44
1468.376157		34.75		32.25
1469.508102		34.5		32.25
1470.605324		34		32.44
1471.916667		34.5		32.44
1473.064815		34.5		32.38
1474.238426		34.75		32.44
1475.365741		35		32.19
1476.452546		34.5		32.19
1477.572917		35.25		32.38
1478.680556		35.25		32.13
1479.811343		35.25		32.13
1480.93287		35.25		32.19
1482.013889		35		32.13
1483.153935		35.25		32.13
1484.239583		35.75		32.13
1485.377315		36		32.13
1486.474537		35.5		32.13
1487.599537		36		32.13
1488.685185		35.75		32.13
1489.813657		35.5		32.13
1490.905093		35.5		32.13
1492.033565		35		32.19
1493.164352		35.5		32.19
1494.259259		35.5		32.19
1495.387731		35.5		32.19
1496.471065		35.25		32.19
1497.575231		35		32.19
1498.716435		35.25		32.25
1499.836806		34.75		32.19
1500.975694		34.75		32.25
1502.070602		34.75		32.31
1503.200231		34.5		32.31
1504.334491		34.5		32.5
1505.421296		35.25		32.56
1506.6875		34.75		32.31
1507.804398		34.75		32.31
1508.886574		35.25		32.38
1510.008102		35		32.38
1511.145833		34.75		32.38
1512.241898		34.25		32.38
1513.413194		34.5		32.63
1514.546296		34.5		32.56
1515.638889		35		32.63
1516.766204		35		32.38
1517.873843		35		32.44
1519.003472		35		32.44
1520.087963		35		32.44
1521.22338		35		32.44
1522.309028		35.25		32.44
1523.452546		34.5		32.44
1524.586806		35		32.63
1525.670139		35		32.44
1526.8125		35		32.44
1527.894676		35		32.5
1529.021991		35.25		32.44
1530.16088		34.25		32.44
1531.516204		34.75		32.69
1532.700231		34.75		32.44
1533.809028		34.5		32.44
1534.900463		35		32.69
1536.040509		35.25		32.44
1537.157407		35		32.5
1538.25463		34.75		32.5
1539.358796		35		32.5
1540.484954		34.75		32.5
1541.615741		35		32.5
1542.74537		35		32.5
1543.828704		34.75		32.5
1544.952546		34.5		32.5
1546.047454		34.5		32.69
1547.239583		34.75		32.75
1548.377315		34.75		32.44
1549.460648		34.5		32.5
1550.591435		35		32.69
1551.780093		34.75		32.5
1552.872685		34.5		32.5
1553.996528		35		32.69
1555.164352		34.5		32.5
1556.256944		35		32.69
1557.43287		34.75		32.44
1558.560185		34.75		32.44
1559.659722		34.75		32.44
1560.760417		34.75		32.44
1561.900463		34.5		32.44
1562.986111		35		32.63
1564.115741		35		32.44
1565.208333		35		32.44
1566.349537		34.5		32.5
1567.440972		35		32.69
1568.618056		34.5		32.5
1569.792824		34.75		32.69
1570.922454		34.75		32.44
1572.018519		34.75		32.5
1573.121528		34.5		32.44
1574.260417		35		32.63
1575.354167		35		32.44
1576.487269		35		32.5
1577.615741		34.25		32.5
1578.689815		34		32.69
1580.292824		34.75		32.69
1581.478009		34.25		32.44
1582.594907		35		32.63
1583.832176		34.5		32.38
1584.925926		35		32.63
1586.111111		34.25		32.44
1587.239583		34.5		32.63
1588.380787		34.25		32.56
1589.474537		34.25		32.56
1590.834491		34.75		32.56
1591.920139		35		32.31
1593.060185		34.75		32.31
1594.155093		34.75		32.31
1595.282407		34.75		32.31
1596.418981		35		32.31
1597.517361		34.75		32.31
1598.65625		34.5		32.25
1599.820602		34.75		32.5
1600.947917		34.75		32.25
1602.034722		35		32.31
1603.174769		34.5		32.31
1604.322917		35		32.5
1605.490741		34.75		32.31
1606.583333		35		32.31
1607.680556		35		32.31
1608.820602		35.25		32.31
1609.96412		34.75		32.31
1611.0625		34.75		32.31
1612.15625		34.5		32.38
1613.273148		34.5		32.56
1614.418981		34.5		32.56
1615.533565		35		32.56
1616.675926		34.5		32.31
1617.847222		34.75		32.56
1618.988426		34.25		32.38
1620.116898		34.5		32.56
1621.203704		35		32.56
1622.34375		35		32.31
1623.4375		34.75		32.38
1624.574074		34.5		32.38
1625.75		34.75		32.56
1626.846065		35		32.31
1627.974537		35		32.31
1629.061343		35.25		32.38
1630.159722		35.25		32.31
1631.303241		34.5		32.31
1632.396991		35		32.56
1633.513889		35.25		32.31
1634.611111		35.25		32.38
1635.751157		35.25		32.38
1636.857639		35.25		32.38
1637.951389		35		32.38
1639.092593		35.25		32.38
1640.184028		35.25		32.38
1641.305556		35		32.38
1642.408565		34.75		32.44
1643.501157		35		32.38
1644.641204		35.25		32.44
1645.72338		35		32.44
1646.855324		35.25		32.44
1647.958333		35		32.5
1649.053241		35		32.44
1650.170139		34.5		32.5
1651.3125		35		32.69
1652.405093		35		32.44
1653.50463		34.75		32.5
1654.636574		34.75		32.5
1655.768519		34.75		32.5
1656.863426		34.75		32.5
1657.989583		34.75		32.5
1659.076389		34		32.5
1660.633102		34.75		32.75
1661.859954		34.5		32.5
1662.986111		34.25		32.75
1664.084491		34.25		32.75
1665.25463		34.5		32.75
1666.347222		35		32.75
1667.53588		34.75		32.44
1668.62963		34.5		32.5
1669.819444		34.75		32.75
1670.91088		34.5		32.5
1672.053241		34.5		32.69
1673.193287		34.75		32.69
1674.335648		34.5		32.44
1675.474537		34.75		32.69
1676.601852		35		32.44
1677.741898		35		32.44
1678.835648		34.5		32.44
1679.952546		35		32.63
1681.059028		35		32.38
1682.152778		35		32.38
1683.28125		35		32.38
1684.37037		35		32.38
1685.506944		35		32.38
