0		19		20.19
1.666666667		19		20.06
2.777777778		18.5		20.06
3.921296296		19.25		20.06
5.032407407		19.25		20.06
6.108796296		19.75		20.06
7.253472222		19.75		20.06
8.354166667		19.75		20.06
9.465277778		20		20
10.57638889		20		20
11.6875		19		20
12.79513889		20		20
13.94560185		19.75		20.06
15.05671296		20.25		20
16.16666667		20.25		20.06
17.27777778		20.5		20
18.38310185		21		20
19.49884259		21		20
20.58564815		20.75		20
21.69444444		21.5		20
22.85300926		21.5		19.94
23.96412037		21.5		20
25.08101852		22.25		20
26.15856481		22.5		20
27.30787037		22.5		20
28.41898148		22.5		19.94
29.52546296		22.75		19.94
30.63657407		22.5		20
31.74768519		23.5		20
32.8587963		23.5		19.94
33.96990741		23.75		20
35.07638889		23.5		19.94
36.1875		24.25		19.94
37.3275463		23.75		19.94
38.43287037		24.25		20
39.54398148		24		19.94
40.65509259		24.25		20
41.7662037		24.5		19.94
42.87731481		24.5		19.94
43.98842593		24		19.94
45.09837963		24		20
46.20949074		24.75		20
47.35648148		25		19.94
48.46759259		25		20
49.56597222		25.25		19.94
50.67708333		25.25		19.94
51.78819444		24.5		20
52.89930556		25.25		20
54.01157407		25		19.94
55.14583333		25		19.94
56.25578704		25.25		20
57.36689815		24.75		20
58.47800926		25.25		20
59.58912037		25.25		20
60.70833333		25.25		20
61.81134259		25.5		20
62.95486111		25		20
64.06597222		25		20
65.17708333		25.25		20
66.2662037		25.5		20
67.36805556		25.25		20
68.50925926		25.25		20
69.62037037		25.5		20
70.72685185		25.5		20
71.83796296		25.25		20.06
72.94907407		25.5		20
74.06018519		25.25		20
75.1712963		25.75		20.06
76.28240741		25.75		20
77.39351852		26		20
78.50347222		25.75		20.06
79.66087963		25.5		20
80.77199074		26		20
81.88425926		26.25		20
82.98842593		26		20
84.08912037		26.25		20
85.19328704		26.25		19.94
86.30439815		26.5		20
87.41550926		26.25		20
88.57291667		26		20
89.68402778		26		20
90.78125		26.25		20.06
91.89236111		26.25		20
93.00347222		26.5		20.06
94.10416667		26.25		20.06
95.21527778		26.75		20.06
96.32638889		26.5		20.06
97.4375		26.75		20
98.54861111		26.75		20.06
99.69097222		26.5		20.06
100.7800926		26.5		20.06
101.8912037		26.5		20.06
103.0023148		26.5		20.06
104.1597222		26.5		20.06
105.2708333		26.5		20.06
106.3819444		27		20.06
107.4918981		27		20.06
108.6030093		27		20.06
109.7141204		26.5		20.06
110.8252315		26.5		20.06
111.9363426		27.5		20.06
113.0474537		27.25		20.06
114.1585648		27		20.06
115.2592593		27.25		20.06
116.3703704		27.5		20.06
117.5277778		27		20.06
118.6342593		27.5		20.06
119.744213		27.5		20.06
120.8553241		27.75		20.06
121.9664352		27		20.06
123.0775463		27.25		20.06
124.1886574		27.75		20.12
125.2997685		27.5		20.12
126.4108796		28		20.06
127.5219907		27.5		20.06
128.6331019		27.5		20.12
129.744213		28		20.06
130.8541667		27.75		20.06
131.9652778		28		20.06
133.0763889		28		20.06
134.1875		27.5		20.06
135.2986111		28.25		20.06
136.4467593		27.5		20.06
137.5578704		28.25		20.06
138.6597222		27.5		20.06
139.7719907		28.25		20.06
140.8831019		28.25		20.06
141.9918981		27.75		20.06
143.1030093		28		20.06
144.2141204		28.25		20.12
145.3252315		28.25		20.12
146.4363426		28.25		20.06
147.5717593		27.75		20.06
148.6828704		28		20.12
149.8113426		28.5		20.06
150.9178241		28.5		20.12
152.0289352		28.5		20.12
153.1400463		28.75		20.12
154.25		28.75		20.12
155.3611111		28.75		20.06
156.4722222		28.75		20.12
157.568287		29		20.12
158.7256944		29		20.12
159.8368056		29		20.12
160.9479167		28.75		20.12
162.0590278		28.5		20.06
163.1701389		29.25		20.06
164.28125		29.5		20.06
165.369213		29.25		20.06
166.4791667		28.75		20.06
167.6365741		29.25		20.06
168.7280093		28.75		20.12
169.8391204		28.75		20.12
170.9444444		29		20.06
172.0578704		29.5		20.12
173.1689815		29.25		20.12
174.2800926		29.75		20.12
175.3900463		29.5		20.12
176.5011574		29.25		20.12
177.6608796		29.75		20.12
178.7627315		28.5		20.12
179.8680556		29.25		20.12
180.9791667		29.5		20.12
182.0902778		29.75		20.12
183.2013889		29		20.12
184.3113426		29		20.12
185.4108796		29.75		20.12
186.5532407		30		20.12
187.6631944		29.75		20.12
188.7743056		29.75		20.12
189.8842593		29.5		20.12
190.9953704		30		20.12
192.1064815		30		20.12
193.2175926		29.75		20.12
194.3275463		30.25		20.12
195.4386574		30.5		20.12
196.5497685		30		20.12
197.6608796		30.25		20.12
198.818287		30.25		20.12
199.9293981		30.25		20.12
201.0405093		30.5		20.06
202.1516204		30		20.12
203.2615741		30.5		20.12
204.3726852		30.5		20.12
205.4837963		30.25		20.12
206.5949074		30.5		20.12
207.7060185		30		20.12
208.8171296		30.75		20.06
209.9212963		30		20.12
211.0324074		30.25		20.12
212.1435185		30.75		20.12
213.2546296		30.75		20.12
214.412037		30.75		20.19
215.5231481		30.25		20.12
216.6342593		30.5		20.12
217.7511574		30		20.12
218.8576389		31		20.12
219.962963		30.5		20.12
221.0740741		31		20.12
222.2083333		31.25		20.12
223.3229167		30.75		20.12
224.4340278		31		20.12
225.5451389		31.25		20.12
226.6574074		31		20.12
227.755787		31.25		20.12
228.8668981		31.5		20.12
229.9768519		31.25		20.12
231.087963		31		20.12
232.1990741		31.25		20.19
233.3101852		31.25		20.12
234.4212963		31.5		20.12
235.5324074		31.5		20.12
236.6435185		31.25		20.12
237.8009259		31.5		20.12
238.912037		32		20.12
240.0231481		31.5		20.19
241.1331019		31.5		20.12
242.244213		31.5		20.12
243.3553241		31.5		20.12
244.4664352		31.5		20.19
245.5775463		31.25		20.12
246.6886574		31.5		20.12
247.7997685		31.75		20.12
248.9108796		32		20.12
250.0150463		32		20.12
251.1261574		32		20.12
252.2372685		32.25		20.12
253.3483796		31.75		20.12
254.505787		32.25		20.12
255.6168981		32.5		20.12
256.7280093		32.5		20.12
257.8298611		32.25		20.12
258.9340278		32		20.12
260.0405093		32		20.12
261.1516204		32.5		20.12
262.2627315		32		20.12
263.4201389		32		20.12
264.53125		32.5		20.12
265.6423611		32.5		20.12
266.7534722		32.75		20.06
267.8645833		32		20.12
268.9652778		32.75		20.12
270.0763889		32.5		20.19
271.1875		32.5		20.12
272.2986111		32.5		20.12
273.4097222		32.75		20.12
274.5208333		32.75		20.12
275.6319444		32.75		20.12
276.7418981		32.5		20.12
277.8530093		33		20.12
278.9641204		32.75		20.12
280.1180556		32.75		20.12
281.2291667		32.75		20.12
282.3402778		33		20.12
283.4444444		33		20.12
284.5555556		33		20.06
285.6585648		32.5		20.12
286.7650463		33.25		20.12
287.9108796		32.75		20.12
288.9976852		33		20.12
290.1053241		33.25		20.12
291.2511574		33		20.12
292.3680556		33		20.12
293.4664352		33.25		20.12
294.5763889		33		20.12
295.6875		33.5		20.12
296.7986111		33.5		20.12
297.9097222		33.5		20.12
299.0208333		33.25		20.06
300.1319444		33.5		20.12
301.2430556		33.75		20.12
302.3541667		33.25		20.12
303.5115741		33.75		20.12
304.6226852		33.75		20.12
305.7326389		33.75		20.12
306.84375		33.5		20.06
307.9548611		33.5		20.12
309.0659722		33.5		20.12
310.1770833		33.75		20.06
311.2881944		33.5		20.06
312.3993056		34.25		20.12
313.4930556		33.75		20.12
314.6377315		34		20.12
315.7488426		34		20.12
316.8587963		33.25		20.12
317.9699074		34		20.06
319.0810185		33.75		20.12
320.1921296		34.25		20.12
321.3032407		33.75		20.12
322.4143519		34.5		20.12
323.525463		34.25		20.12
324.6365741		34.5		20.12
325.7476852		34.5		20.12
326.8587963		34		20.12
328.0069444		34.25		20.12
329.1030093		34.25		20.12
330.2141204		34		20.12
331.318287		34.75		20.06
332.4293981		34.5		20.12
333.5393519		34.25		20.12
334.6666667		34.75		20.06
335.7766204		34.5		20.12
336.8877315		34.75		20.12
337.9988426		34.25		20.06
339.1099537		34.5		20.12
340.2199074		34.25		20.12
341.3773148		34.75		20.06
342.4884259		34.75		20.12
343.599537		34.75		20.12
344.7106481		35		20.12
345.8148148		34.5		20.12
346.9189815		35.25		20.12
348.0300926		35		20.06
349.1412037		35.25		20.12
350.2523148		34.5		20.12
351.3634259		35.25		20.12
352.4733796		35.25		20.06
353.619213		35.5		20.06
354.7303241		35.5		20.12
355.8414352		35.5		20.12
356.9525463		34.75		20.12
358.0636574		35		20.06
359.1782407		35.25		20.12
360.2893519		35.25		20.06
361.3900463		35.5		20.06
362.5011574		35.25		20.06
363.6423611		35.25		20.06
364.7534722		35.25		20.06
365.8599537		35.75		20.06
366.9710648		35.5		20.06
368.0821759		35.5		20.06
369.193287		35.5		20.06
370.3043981		36		20.06
371.4155093		35.5		20.06
372.5266204		36		20.06
373.6377315		35.5		20.06
374.7488426		36		20.06
375.8587963		36		20.06
376.9699074		36		20.06
378.1273148		35.5		20.06
379.2256944		36.25		20.06
380.3368056		36		20.06
381.443287		36		20
382.5543981		36		20.06
383.6655093		36.25		20.06
384.775463		36.5		20.06
385.8865741		36		20.06
386.9976852		36		20.06
388.1087963		36		20
389.2662037		36		20.06
390.3773148		36		20
391.4884259		36		20
392.599537		36.25		20.06
393.7106481		36.5		20
394.8217593		36.5		20
395.931713		36		20.06
397.0428241		36.25		20
398.1539352		36.5		20
399.2627315		36.5		20.06
400.3738426		36.75		20.06
401.4791667		36.5		20.06
402.5902778		36.25		20
403.7013889		36.25		20.06
404.8587963		36.75		20
405.9699074		36.75		20.06
407.0810185		36.5		20.06
408.1921296		36.75		20.06
409.3032407		37.25		20.06
410.3946759		36.75		20.06
411.505787		36.5		20
412.6168981		37		20.06
413.7280093		37		20.06
414.8391204		37.25		20
415.9965278		37.25		20.06
417.1076389		36.75		20
418.2175926		37		20.06
419.3287037		37		20
420.4398148		36.75		20.06
421.5509259		37.25		20
422.662037		37		20.06
423.7731481		36.75		20
424.8842593		37.5		20.06
425.9953704		37.25		20.06
427.1064815		37.5		20.06
428.2175926		37.25		20
429.3263889		37.5		20.06
430.4375		37.5		20
431.5486111		37.75		20.06
432.7060185		37.25		20
433.7708333		37.75		20
434.9212963		37.5		20
436.0231481		37.5		20
437.1180556		37.75		20
438.2303241		37.5		20
439.3414352		38		20
440.4988426		38		20
441.599537		37.75		20
442.7106481		37.5		20
443.8217593		38		20
444.9328704		38		20
446.0439815		38.25		20
447.1550926		37.75		20
448.2662037		38		20
449.3773148		38		20.06
450.4884259		38.25		20
451.599537		38.5		20
452.7094907		38.5		20
453.8206019		37.75		20
454.9780093		38.5		20
456.0891204		38.5		20
457.2002315		38.5		20
458.3113426		38.25		20
459.4247685		38.5		20
460.5358796		38.75		20
461.6469907		38.25		20
462.7581019		38.75		20
463.869213		38.75		20
464.9803241		39		20
466.0914352		38.75		20
467.2025463		38.25		20
468.3125		38.75		20
469.4236111		39		20
470.5428241		38.75		20
471.6446759		38.75		20
472.7928241		38.75		19.94
473.9039352		38.75		20
475.0150463		38.75		20
476.1261574		38.25		20
477.2372685		39		20
478.3483796		38.75		20
479.4594907		38.75		20
480.5706019		39.25		20
481.6805556		39		20
482.7858796		39.25		20
483.8969907		39.25		19.94
485.0081019		39.25		20
486.119213		39.25		20
487.2766204		39		19.94
488.3865741		39.25		19.94
489.4976852		39		20
490.6087963		39.25		19.94
491.7199074		39		20
492.8310185		39.5		19.94
493.9421296		39.5		19.94
495.0532407		39		20
496.1678241		40		19.94
497.275463		39.75		20
498.3865741		39.25		20
499.5		39.5		20
500.6423611		39.75		20
501.7071759		39.5		19.94
502.8645833		39.25		20
503.9756944		39.5		20
505.0671296		39.5		20
506.1655093		39.75		20
507.2777778		39.75		19.94
508.4224537		39.75		20
509.53125		40		20
510.6215278		39.5		20
511.7789352		39.25		20
512.8912037		40		20
514.0023148		40		19.94
515.0891204		40.25		19.94
516.2349537		40.25		19.94
517.3472222		40.5		19.94
518.4351852		40.25		19.87
519.5462963		40.25		19.94
520.6574074		40		19.94
521.7685185		40.5		19.94
522.8796296		40.5		19.94
523.9907407		40.25		19.94
525.1006944		40.75		19.94
526.2581019		40.25		19.87
527.369213		40.5		19.94
528.4803241		40.75		19.94
529.5891204		40.75		19.94
530.7002315		40.5		19.87
531.8113426		40.5		19.94
532.9224537		40.75		19.94
534.0335648		41		19.94
535.1446759		40.5		19.94
536.255787		40.75		19.94
537.3553241		40.75		19.94
538.4664352		40.75		19.94
539.6238426		40.5		19.94
540.7349537		40.5		19.94
541.8460648		41.25		19.94
542.9456019		41		19.87
544.0578704		41		19.94
545.1608796		41		19.94
546.2719907		40.75		19.87
547.3831019		41		19.87
548.494213		41.25		19.87
549.6053241		40.75		19.87
550.7627315		40.5		19.87
551.8738426		41.75		19.87
552.9849537		41.75		19.87
554.0949074		41.25		19.87
555.2060185		41		19.87
556.3171296		41.25		19.87
557.4259259		40.75		19.94
558.5358796		41.25		19.94
559.6469907		41		19.87
560.7511574		41.5		19.87
561.8622685		41.5		19.94
562.9733796		41.25		19.87
564.0844907		41.75		19.94
565.2418981		41.25		19.94
566.3414352		41.5		19.94
567.4525463		41.5		19.94
568.5625		41.75		19.94
569.6736111		41.75		19.94
570.775463		41.5		19.94
571.9201389		41.5		19.87
573.03125		42		19.87
574.1423611		42		19.87
575.2534722		42		19.87
576.3645833		41.5		19.87
577.4756944		41.75		19.87
578.5717593		42		19.87
579.6828704		41.75		19.87
580.8321759		42		19.87
581.943287		42.25		19.87
583.0543981		42.25		19.87
584.1655093		42.25		19.87
585.2673611		42.25		19.87
586.3784722		42.5		19.87
587.4837963		42.5		19.87
588.5949074		42.75		19.87
589.7060185		41.75		19.94
590.8634259		42.5		19.87
591.974537		42		19.87
593.087963		42.25		19.87
594.1990741		42.75		19.87
595.3101852		42		19.87
596.4201389		42.5		19.87
597.53125		42.75		19.87
598.6423611		42.25		19.87
599.7534722		42.75		19.87
600.8645833		43		19.87
601.9756944		43		19.87
603.0868056		43		19.87
604.1979167		43		19.87
605.3090278		42.75		19.87
606.4201389		42.75		19.87
607.5300926		42.5		19.87
608.6412037		43		19.87
609.7986111		43.25		19.87
610.9097222		43.25		19.87
612.0208333		43.25		19.87
613.1319444		43.25		19.87
614.2372685		42.75		19.94
615.3460648		43.25		19.87
616.4525463		42.75		19.87
617.5578704		43.5		19.87
618.6689815		43.5		19.87
619.8148148		43.5		19.87
620.9259259		43.25		19.87
622.037037		43.5		19.87
623.1469907		43.5		19.87
624.2581019		43.5		19.87
625.3622685		43.5		19.87
626.4664352		43.75		19.87
627.5775463		43.75		19.87
628.6886574		43.25		19.87
629.8460648		43.75		19.87
630.9571759		43.5		19.87
632.068287		44		19.87
633.1782407		44		19.87
634.2893519		44		19.87
635.400463		44		19.87
636.5115741		43.75		19.87
637.6226852		44		19.81
638.7291667		44		19.87
639.8425926		43.75		19.87
640.9537037		44		19.87
642.0902778		43.75		19.87
643.1944444		44.25		19.87
644.3043981		43.75		19.81
645.4155093		44.25		19.87
646.5208333		44.25		19.81
647.6585648		44.25		19.81
648.7696759		43.75		19.81
649.880787		44.25		19.81
650.9814815		44.25		19.81
652.0868056		43.75		19.81
653.1979167		44		19.81
654.3090278		44.5		19.81
655.4201389		43.75		19.81
656.5775463		44.25		19.81
657.6782407		44.25		19.81
658.7893519		44.25		19.81
659.900463		44.25		19.81
660.994213		43.75		19.81
662.1053241		44.25		19.81
663.2164352		44.75		19.81
664.3738426		44.25		19.81
665.4849537		44.5		19.81
666.5960648		44.75		19.81
667.7071759		43.75		19.81
668.818287		44.5		19.81
669.9293981		44.5		19.81
671.0405093		44.25		19.81
672.150463		44.25		19.81
673.2615741		44.5		19.75
674.3726852		44.75		19.81
675.4837963		44.75		19.81
676.5949074		45		19.81
677.7025463		44.75		19.81
678.8136574		44.75		19.81
679.9247685		44.75		19.81
681.0358796		44.75		19.81
682.193287		45		19.81
683.3043981		45		19.81
684.4143519		44.25		19.81
685.525463		44.75		19.81
686.630787		45		19.81
687.7349537		44.75		19.81
688.8449074		44.75		19.75
689.9490741		45.25		19.81
691.1064815		45		19.81
692.2175926		44.75		19.81
693.3287037		45		19.81
694.4398148		44.5		19.81
695.5497685		45.25		19.81
696.6608796		44.5		19.81
697.7719907		45		19.81
698.8831019		45.5		19.81
699.9895833		45		19.81
701.1006944		45.5		19.81
702.2118056		45.5		19.81
703.3229167		45.5		19.81
704.4340278		45.25		19.81
705.5451389		45.75		19.81
706.65625		46		19.81
707.7939815		45.25		19.81
708.9050926		45.75		19.81
710.0173611		46		19.87
711.1284722		46		19.87
712.2210648		45.5		19.81
713.3738426		45.75		19.81
714.4849537		46		19.87
715.5960648		45.25		19.81
716.6967593		45.75		19.81
717.7951389		46		19.81
718.90625		45.5		19.81
720.0300926		45.75		19.75
721.1412037		46.25		19.81
722.2847222		46.25		19.81
723.3958333		46.25		19.81
724.5023148		46.25		19.81
725.6134259		46.25		19.81
726.724537		45.75		19.81
727.8356481		45.75		19.81
728.9456019		46.5		19.81
730.056713		46		19.81
731.1678241		46.25		19.81
732.2789352		46.5		19.81
733.3923611		46.5		19.81
734.5081019		46.75		19.87
735.6087963		46.5		19.81
736.7523148		46.5		19.81
737.8460648		46.25		19.81
738.9571759		47		19.81
740.068287		46.75		19.81
741.1782407		46.75		19.81
742.3356481		46.5		19.81
743.4467593		46.5		19.81
744.5578704		46.75		19.81
745.6689815		46.5		19.87
746.7800926		46.75		19.87
747.8912037		47		19.87
748.9907407		46.75		19.81
750.1018519		47		19.87
751.2118056		46.75		19.87
752.3229167		47		19.87
753.4340278		47.5		19.87
754.537037		46.75		19.87
755.6886574		47.25		19.87
756.7997685		47		19.87
757.880787		47.25		19.87
759.0381944		47.25		19.81
760.1273148		47		19.81
761.2384259		47		19.81
762.349537		47.5		19.81
763.4594907		47.5		19.87
764.5706019		47.25		19.87
765.681713		47.5		19.87
766.7928241		47.5		19.87
767.9398148		47.5		19.87
769.0509259		47.5		19.87
770.162037		47.25		19.87
771.2731481		47.75		19.87
772.3842593		47.5		19.87
773.4953704		47.25		19.81
774.6064815		47.75		19.87
775.7118056		47.5		19.81
776.8148148		47.5		19.87
777.9664352		47.25		19.87
779.0775463		47.5		19.87
780.1886574		47.75		19.87
781.2997685		47.75		19.87
782.3958333		47.75		19.87
783.5428241		48		19.87
784.6539352		48		19.87
785.7650463		47.25		19.87
786.8761574		48		19.81
787.9872685		47.75		19.81
789.0972222		47.75		19.81
790.2083333		48.25		19.81
791.3194444		48		19.81
792.4305556		47.75		19.81
793.5416667		48		19.81
794.6435185		48		19.81
795.7962963		48		19.81
796.9074074		48.25		19.81
797.9976852		47.75		19.81
799.1087963		47.75		19.81
800.2199074		48.25		19.87
801.3310185		48.25		19.87
802.4421296		48.5		19.81
803.5532407		48.5		19.81
804.6643519		48.75		19.81
805.818287		48.75		19.81
806.9293981		48.75		19.87
808.0393519		48.75		19.81
809.150463		49		19.81
810.2615741		49		19.81
811.3726852		48.5		19.81
812.4837963		49		19.81
813.5949074		49		19.81
814.7060185		49		19.81
815.8171296		49		19.81
816.9305556		48.5		19.87
818.0416667		49		19.81
819.1527778		49		19.81
820.2627315		49.25		19.81
821.3738426		48.75		19.81
822.4849537		49		19.81
823.6423611		49		19.81
824.7534722		48.75		19.75
825.8645833		48.5		19.81
826.9756944		49		19.81
828.0821759		49		19.81
829.193287		48.5		19.81
830.2986111		49		19.81
831.4421296		49		19.81
832.5532407		49.25		19.81
833.6643519		49.75		19.81
834.775463		49.5		19.81
835.8865741		49.5		19.81
836.9976852		49.75		19.81
838.09375		49.5		19.81
839.2048611		49.25		19.75
840.3159722		49.5		19.75
841.4212963		49.75		19.81
842.5787037		49.75		19.81
843.6898148		49.5		19.81
844.7962963		50		19.81
845.9074074		49.75		19.81
847.0185185		50		19.81
848.1296296		49.5		19.81
849.2407407		49.75		19.87
850.3506944		50		19.81
851.4618056		50		19.81
852.5729167		50.25		19.81
853.6770833		50		19.81
854.7893519		50		19.81
855.900463		49.75		19.81
857.056713		49.75		19.87
858.1527778		50		19.81
859.2638889		50		19.81
860.3680556		50		19.81
861.4803241		50		19.81
862.5902778		50.25		19.81
863.7013889		50.25		19.87
864.8530093		50.5		19.81
865.9537037		50.5		19.81
867.0648148		50.25		19.81
868.1527778		50.25		19.81
869.3101852		50.25		19.81
870.4212963		50.5		19.75
871.5324074		50.25		19.81
872.6331019		50.25		19.81
873.744213		50.25		19.81
874.8553241		50.25		19.81
875.9664352		50.5		19.81
877.0775463		50.5		19.81
878.1875		50.75		19.81
879.2986111		50.75		19.81
880.4097222		50.75		19.81
881.5208333		50.5		19.81
882.6319444		50.75		19.81
883.7893519		51		19.81
884.900463		50.5		19.81
886.0115741		50.75		19.81
887.1226852		51		19.81
888.2314815		51		19.81
889.3425926		50.5		19.81
890.5462963		51.25		19.81
891.7037037		51.25		19.75
892.8148148		51.5		19.81
893.9537037		51		19.81
895.0694444		51		19.81
896.1805556		51		19.75
897.2916667		51		19.75
898.3877315		51.25		19.75
899.4976852		51.5		19.81
900.6087963		51		19.81
901.7233796		51.25		19.75
902.8344907		51.25		19.81
903.9780093		51.5		19.81
905.0891204		51.75		19.81
906.1793981		51.75		19.81
907.2789352		51.5		19.75
908.3900463		51.75		19.81
909.5011574		51.75		19.81
910.6527778		51.75		19.81
911.7638889		51.75		19.81
912.8773148		51.75		19.75
913.9884259		51.5		19.75
915.099537		51.75		19.81
916.2094907		51.5		19.75
917.3206019		51.5		19.75
918.4212963		51.75		19.81
919.5324074		52		19.81
920.6435185		52		19.81
921.7546296		51.75		19.81
922.8645833		52		19.81
924.025463		51.75		19.75
925.1377315		52		19.75
926.2488426		52.25		19.75
927.3587963		52		19.75
928.4502315		51.75		19.75
929.6493056		52.25		19.75
930.806713		52.5		19.75
931.9166667		52.5		19
933.0277778		52.5		19.31
934.1388889		52.25		19.31
935.25		51.5		19.75
937.5092593		52.75		19.81
938.8518519		52.25		19.12
939.9571759		52.5		19.75
941.0671296		52.25		19
942.224537		52.5		19.75
943.3356481		52		19
944.4467593		52		19.75
945.650463		52.5		19.75
946.8078704		52.25		19.25
947.9155093		52.5		19.75
949.025463		52.25		19.12
950.275463		52.75		19.75
951.4328704		52.5		19.19
952.5439815		52.25		19.19
953.6365741		52.25		19.69
954.9328704		52.75		19.62
956.0891204		52.75		19
957.2002315		52.5		19.12
958.2997685		52		19.19
959.4108796		52.25		19.69
960.5219907		52.5		19.69
961.6331019		52.75		19.19
962.744213		52.25		19.31
963.994213		52.75		19.87
965.150463		52.75		19.37
966.2615741		52.75		19.56
967.3726852		52.75		19.69
968.4837963		52.75		19.81
969.5949074		52.25		20
970.7523148		52.5		20.62
971.8634259		52.25		20.19
972.974537		52.5		20.94
974.068287		51.75		20.56
975.1747685		51.75		21.31
976.3784722		52.25		21.44
977.4884259		52		21.56
978.599537		52		21.75
979.7569444		51.75		21.87
980.8680556		51.5		22
981.9710648		51.5		22.12
983.0821759		51		22.25
984.1921296		51.25		22.31
985.3032407		50.5		22.44
986.4143519		50.25		22.44
987.525463		49.75		22.56
988.6365741		49.5		22.62
989.7800926		49		22.69
990.8912037		49.75		22.75
992.0023148		49.75		22.81
993.1134259		49		22.81
994.2002315		49.25		22.87
995.3414352		49.25		22.94
996.4525463		49.25		23
997.5636574		49.25		23
998.6747685		49.5		23.06
999.7847222		49.5		23.06
1000.895833		49.5		23.12
1001.993056		49		23.12
1003.104167		49.25		23.12
1004.260417		48.75		23.19
1005.371528		49.25		23.19
1006.482639		49.5		23.25
1007.59375		49.75		23.25
1008.69213		49.25		23.25
1009.800926		49.75		23.25
1010.912037		49.75		23.31
1012.025463		49.75		23.31
1013.135417		50		23.31
1014.253472		50		23.31
1015.364583		50		23.31
1016.475694		50.5		23.31
1017.586806		50.75		23.31
1018.697917		50.75		23.31
1019.854167		50.75		23.31
1020.954861		50.5		23.37
1022.064815		51		23.37
1023.165509		51.25		23.37
1024.27662		50.75		23.37
1025.387731		50.75		23.37
1026.539352		51.25		23.37
1027.649306		51		23.37
1028.760417		51.5		23.37
1029.871528		51.75		23.31
1030.969907		51.5		23.31
1032.081019		51.5		23.37
1033.19213		51.5		23.31
1034.303241		51.75		23.31
1035.498843		52.25		23.37
1036.65625		51.75		23.31
1037.767361		52		23.31
1038.871528		51.75		23.31
1040.063657		52.25		23.31
1041.221065		52		23.31
1042.332176		52.25		23.31
1043.436343		52.25		23.31
1044.547454		52.25		23.25
1045.659722		52.25		23.25
1046.758102		52		23.25
1047.869213		52.25		23.25
1049.02662		52		23.25
1050.136574		52.25		23.25
1051.247685		52.5		23.25
1052.327546		51.75		22.56
1054.12963		52.75		23.19
1055.40625		53		22.75
1056.517361		52.75		22.75
1057.662037		53		22.81
1058.773148		52.75		22.87
1060.119213		53.25		22.94
1061.27662		52.25		23
1062.387731		52.5		23.62
1063.498843		52.25		23.19
1064.607639		52.25		23.75
1065.747685		52.5		23.87
1066.858796		52		23.31
1067.969907		52		24.06
1069.083333		51.75		24.12
1070.518519		52.5		24.25
1071.675926		52.75		23.75
1072.787037		52.75		24
1073.898148		52.75		24.12
1075.009259		52.5		24.19
1076.12037		52.5		24.25
1077.416667		53		24.44
1078.574074		52.75		24.62
1079.684028		52.25		24.75
1080.974537		52.75		25.37
1082.131944		52.5		25.12
1083.225694		52		25.25
1084.329861		52.25		25.87
1085.611111		52.75		26
1086.722222		52		25.5
1088.203704		52.75		26.19
1089.40625		52.5		25.62
1090.517361		52.5		25.87
1091.628472		52.75		25.94
1092.739583		52		26.06
1093.850694		51		26.69
1094.961806		50		26.81
1096.072917		49.25		27
1097.184028		49		27.12
1098.289352		49		27.25
1099.446759		49		27.37
1100.55787		49		27.44
1101.668981		48		27.56
1102.780093		47.5		27.62
1103.891204		47.25		27.69
1105.002315		47		27.75
1106.113426		45.75		27.81
1107.224537		46		27.81
1108.335648		45		27.87
1109.445602		45.75		27.87
1110.556713		45.75		27.94
1111.667824		45.75		27.94
1112.778935		46		28
1113.881944		46		28
1115.03125		46.25		28
1116.142361		46		28.06
1117.236111		46.25		28.06
1118.37963		46.25		28
1119.490741		46.25		28.06
1120.601852		46.5		28
1121.712963		46.5		28
1122.824074		46.25		28.06
1123.935185		46.25		28
1125.046296		46		28
1126.157407		45.75		28
1127.268519		45.75		28
1128.37963		46.25		28
1129.490741		46.25		27.94
1130.601852		46		27.94
1131.712963		46		27.94
1132.824074		45.75		27.87
1133.966435		46		27.87
1135.077546		46		27.87
1136.162037		46		27.87
1137.305556		46.25		27.81
1138.416667		46.25		27.75
1139.527778		45.75		27.75
1140.638889		46.25		27.75
1141.748843		46.5		27.75
1142.859954		46.25		27.75
1143.966435		46		27.69
1145.077546		45.75		27.69
1146.188657		46.5		27.62
1147.299769		46.5		27.62
1148.41088		46.25		27.62
1149.521991		45.75		27.56
1150.633102		46.5		27.5
1151.743056		46.5		27.44
1152.887731		46.25		27.44
1153.987269		46.75		27.44
1155.092593		46.5		27.44
1156.203704		46.75		27.44
1157.314815		46.5		27.37
1158.466435		46.75		27.37
1159.577546		46.75		27.31
1160.688657		46.25		27.31
1161.799769		46.75		27.31
1162.91088		46.5		27.25
1164.021991		46.25		27.25
1165.133102		47		27.25
1166.244213		47		27.19
1167.355324		46.75		27.12
1168.466435		47		27.19
1169.576389		47		27.12
1170.6875		47		27.12
1171.798611		47.25		27.06
1172.909722		47		27.06
1174.020833		47.5		27.06
1175.134259		47.25		27.06
1176.284722		47.5		27
1177.395833		47.5		27
1178.506944		47.5		26.94
1179.618056		47.5		26.94
1180.729167		47.5		26.94
1181.840278		47.25		26.87
1182.951389		47.75		26.87
1184.0625		47.75		26.87
1185.173611		47.5		26.87
1186.284722		47.75		26.81
1187.395833		47.75		26.81
1188.537037		47.75		26.75
1189.648148		48		26.69
1190.753472		47.25		26.75
1191.864583		48		26.69
1192.975694		48.25		26.69
1194.086806		48		26.62
1195.197917		48		26.62
1196.309028		48		26.62
1197.420139		47.75		26.56
1198.530093		48.5		26.56
1199.641204		48.25		26.56
1200.790509		48		26.56
1201.90162		48.75		26.5
1203.012731		48.75		26.5
1204.123843		48		26.44
1205.234954		48.75		26.44
1206.318287		48.75		26.37
1207.431713		48.75		26.37
1208.574074		48.5		26.37
1209.685185		48		26.37
1210.796296		48.75		26.37
1211.907407		49		26.31
1213.020833		48.75		26.31
1214.131944		48.75		26.25
1215.243056		49		26.25
1216.354167		49.25		26.25
1217.465278		49		26.25
1218.571759		49		26.19
1219.68287		49		26.19
1220.840278		49.5		26.19
1221.903935		49.25		26.12
1223.0625		49		26.12
1224.173611		49.5		26.12
1225.267361		49.5		26.12
1226.371528		49.5		26.06
1227.516204		50		26.06
1228.627315		49.75		26.06
1229.738426		49.25		26
1230.849537		49.75		26
1231.960648		49		26
1233.071759		49.75		26
1234.18287		49.75		25.94
1235.293981		50		25.94
1236.403935		50		25.87
1237.515046		49.75		25.87
1238.626157		49.75		25.87
1239.737269		50		25.87
1240.84838		50.25		25.87
1241.954861		50		25.87
1243.112269		50		25.81
1244.22338		50		25.81
1245.334491		50.5		25.75
1246.445602		50		25.75
1247.556713		50.25		25.75
1248.66088		50.5		25.75
1249.771991		50.5		25.69
1250.883102		50.5		25.69
1251.994213		50.75		25.69
1253.105324		50.75		25.69
1254.237269		51		25.69
1255.33912		51		25.62
1256.450231		51		25.62
1257.561343		51		25.56
1258.672454		51		25.56
1259.795139		50.75		25.56
1260.90625		51		25.5
1262.005787		51.25		25.5
1263.116898		51.5		25.5
1264.274306		51.5		25.5
1265.33912		51.25		25.5
1266.496528		51		25.5
1267.584491		51.25		25.44
1268.736111		51.75		25.44
1269.846065		51.25		25.44
1271.008102		51.75		25.44
1272.105324		51.75		25.37
1273.216435		51		25.37
1274.778935		52		25.31
1275.982639		52		25.37
1277.091435		52		25.31
1278.24537		52		25.31
1279.449074		52.5		25.31
1280.594907		52.25		24.62
1281.706019		52.5		25.25
1282.81713		52.25		24.75
1283.928241		52		25.25
1285.178241		52.5		25.25
1286.289352		52.5		24.56
1287.400463		52.5		24.69
1288.510417		52.25		24.75
1290.038194		53		25.31
1291.241898		52.75		24.87
1292.584491		53.25		25
1293.741898		53.25		25.12
1294.853009		53.5		25.25
1295.96412		53		25.37
1297.121528		53.25		25.44
1298.263889		53.5		25.62
1299.375		54		25.75
1300.486111		53.5		25.94
1301.597222		53.75		26.06
1302.707176		54		26.25
1303.818287		53.25		26.56
1304.929398		54		26.75
1306.086806		54		26.94
1307.180556		53.5		27.12
1308.291667		54		27.37
1309.391204		54.25		27.56
1310.502315		53.75		27.69
1311.613426		52.25		27.87
1312.909722		52.75		28.56
1314.020833		52.75		28.19
1315.131944		52.5		28.5
1316.289352		51.75		28.69
1317.400463		51.5		29.37
1318.510417		51.75		29.62
1319.621528		51.5		29.81
1320.732639		51.5		29.94
1321.84375		51		30.12
1322.954861		51.25		30.25
1324.065972		50.75		30.37
1325.177083		50		30.5
1326.288194		49.25		30.5
1327.399306		49.75		30.62
1328.501157		49.5		30.69
1329.612269		49.5		30.69
1330.769676		49.25		30.75
1331.880787		48.75		30.81
1332.991898		49.25		30.81
1334.09838		48.75		30.81
1335.201389		49		30.87
1336.302083		49.25		30.87
1337.413194		49.25		30.94
1338.524306		49.25		30.94
1339.665509		48.5		31
1340.77662		48.75		31
1341.887731		48.5		31
1342.997685		48.5		31
1344.108796		48.25		31
1345.219907		48.25		31
1346.331019		49		31.06
1347.461806		48.75		31
1348.564815		48.5		31
1349.940972		49.75		31
1351.144676		49.25		30.94
1352.255787		49.75		30.94
1353.366898		49.25		30.94
1354.476852		49.75		30.94
1355.587963		49.25		30.94
1356.699074		49.25		30.94
1357.810185		49.75		30.87
1358.921296		49.5		30.87
1360.032407		50		30.87
1361.143519		50.25		30.81
1362.25463		50.25		30.81
1363.365741		50.5		30.75
1364.476852		50.25		30.75
1365.586806		50.5		30.75
1366.744213		50.75		30.69
1367.855324		50.5		30.69
1368.940972		50.25		30.62
1370.050926		50.25		30.62
1371.15625		50.75		30.62
1372.313657		50.75		30.56
1373.424769		51.25		30.62
1374.530093		51		30.56
1375.641204		51		30.56
1376.752315		51.25		30.56
1377.863426		51.5		30.5
1378.974537		51		30.44
1380.084491		51.25		30.44
1381.195602		51.25		30.44
1382.306713		51.5		30.44
1383.417824		51.25		30.37
1384.575231		51.75		30.37
1385.686343		52		30.31
1386.797454		52		30.31
1387.908565		51.75		30.25
1389.019676		51.75		30.25
1390.177083		52		30.19
1391.288194		52		30.19
1392.398148		51.75		30.19
1393.787037		52.5		30.12
1394.980324		52		29.44
1396.091435		51.75		30.06
1397.517361		52.5		30.06
1398.674769		52.5		29.37
1399.782407		52		29.5
1401.631944		53		30
1402.924769		52.5		29.5
1404.03588		52.75		29.75
1405.179398		53		29.87
1406.358796		53.25		30
1407.488426		52.75		30.19
1408.599537		53		30.37
1409.710648		53.5		30.56
1410.866898		53.25		30.75
1411.988426		53		30.94
1413.101852		53.5		31.06
1414.208333		53.5		31.31
1415.318287		52.75		31.56
1416.429398		53.75		31.75
1417.540509		53.5		32
1418.68287		53.75		32.19
1419.761574		53.5		32.38
1420.872685		53.75		32.56
1421.983796		53.5		32.75
1423.125		53		32.94
1424.236111		52.75		33.13
1425.349537		52.5		33.31
1426.451389		52		33.5
1427.561343		52		34.19
1428.66088		51.75		34.38
1429.818287		51.5		34.5
1430.909722		51		34.69
1432.021991		51.5		34.81
1433.133102		51.25		34.94
1434.244213		50.75		35.06
1435.355324		51		35.13
1436.466435		50.75		35.19
1437.577546		50.25		35.25
1438.688657		50		35.25
1439.846065		50.5		35.31
1440.951389		50.75		35.38
1442.0625		49.75		35.38
1443.165509		49.75		35.44
1444.27662		49.75		35.44
1445.434028		50.5		35.44
1446.545139		50		35.44
1447.65625		50.25		35.44
1448.763889		50.25		35.44
1449.876157		50		35.44
1450.987269		50.25		35.5
1452.09838		50.25		35.44
1453.255787		49.75		35.44
1454.320602		50.25		35.44
1455.478009		50		35.38
1456.58912		50		35.38
1457.699074		50		35.38
1458.810185		50.5		35.31
1459.921296		50.5		35.31
1461.017361		50		35.25
1462.222222		50.75		35.25
1463.320602		50.75		35.19
1464.431713		50.5		35.13
1465.542824		50.75		35.13
1466.655093		51		35.06
1467.773148		50.5		35.06
1468.884259		50.5		35
1470.027778		50.5		35
1471.141204		50.75		34.88
1472.252315		51		34.88
1473.362269		51.25		34.88
1474.47338		50.75		34.88
1475.584491		51.25		34.81
1476.685185		51.5		34.75
1477.796296		51.5		34.75
1478.899306		51.5		34.69
1480.056713		51.25		34.63
1481.167824		51.75		34.63
1482.277778		51.25		34.56
1483.62037		52		34.56
1484.777778		51.25		34.5
1486.12037		52		34.44
1487.277778		52		34.38
1488.427083		51.75		34.38
1489.528935		51.5		34.31
1490.905093		52.25		34.25
1492.0625		52.25		34.25
1493.172454		52.25		34.19
1494.283565		52.25		34.13
1495.388889		52.25		34.06
1496.684028		52.75		34.06
1497.841435		53		33.38
1498.952546		52.5		33.44
1500.52662		53.25		33.5
1501.730324		53.25		33.56
1502.841435		53.25		33.69
1503.952546		53.5		33.88
1505.063657		53.5		34
1506.174769		53.75		34.13
1507.28588		53.5		34.38
1508.395833		54		34.5
1509.506944		54.25		34.69
1510.618056		53.75		34.81
1511.729167		54		35.06
1512.877315		53.75		35.19
1513.988426		54.5		35.44
1515.097222		54.5		35.63
1516.212963		54.5		35.81
1517.324074		53.75		36
1518.435185		54		36.13
1519.546296		54.5		36.31
1520.65162		54.25		36.5
1521.758102		54		36.63
1522.869213		53.75		36.81
1523.979167		53		36.94
1525.18287		53.25		37.06
1526.340278		53.25		37.25
1527.451389		53.25		37.44
1528.5625		53		37.63
1529.673611		52.5		37.75
1530.784722		51.75		37.94
1531.895833		51.75		38.63
1533.006944		52		38.81
1534.118056		52		39
1535.228009		51.75		39.13
1536.33912		51.5		39.31
1537.496528		52		39.44
1538.653935		51.25		39.5
1539.765046		51		39.56
1540.865741		51		39.63
1541.976852		50.75		39.75
1543.087963		51		39.75
1544.199074		50.75		39.81
1545.310185		50.25		39.81
1546.420139		50		39.81
1547.53125		50.5		39.88
1548.679398		50.5		39.88
1549.790509		50.25		39.88
1550.886574		50.75		39.88
1551.984954		50.75		39.81
1553.12963		50.75		39.81
1554.240741		50.5		39.81
1555.329861		50.75		39.81
1556.447917		50.5		39.81
1557.559028		50.75		39.75
1558.670139		50.75		39.75
1559.824074		51		39.69
1560.924769		50.75		39.63
1562.03588		51		39.63
1563.146991		50.5		39.63
1564.258102		51		39.56
1565.368056		51		39.5
1566.46875		51		39.44
1567.579861		50.75		39.44
1568.690972		50.75		39.44
1569.802083		51		39.38
1570.913194		51		39.31
1572.069444		50.5		39.31
1573.273148		51.25		39.25
1574.430556		51		39.19
1575.541667		51.25		39.19
1576.652778		51.25		39.13
1577.763889		51.5		39.06
1578.875		51.25		39.06
1579.986111		51.5		39
1581.090278		51.5		38.94
1582.201389		51.75		38.88
1583.3125		52		38.88
1584.454861		52		38.75
1585.565972		52		38.75
1586.667824		51.5		38.75
1588.380787		52.5		38.69
1589.584491		52.5		38.06
1590.741898		52.75		38.06
1591.877315		53		38.06
1592.988426		53		38.06
1594.145833		53.25		38.13
1595.256944		52.75		38.25
1596.414352		53		38.31
1597.525463		53		38.44
1598.635417		53.5		38.56
1599.746528		53.5		38.69
1600.857639		53.5		38.81
1601.96875		53.75		38.94
1603.079861		53.5		39.06
1604.190972		53.75		39.25
1605.302083		54.25		39.38
1606.413194		54		39.5
1607.524306		53.75		39.63
1608.635417		54.5		39.69
1609.746528		54.5		39.75
1610.890046		54		39.88
1611.996528		54		39.94
1613.100694		53.5		40
1614.211806		53		40.19
1615.321759		52.75		40.25
1616.43287		51.75		40.38
1617.543981		51.75		41
1618.65162		51.75		41.06
1619.762731		51.5		41.19
1620.87037		51.25		41.25
1622.023148		51		41.31
1623.133102		51.25		41.38
1624.244213		51		41.38
1625.355324		51		41.44
1626.466435		51.25		41.38
1627.577546		51		41.44
1628.688657		51		41.38
1629.8125		51.25		41.38
1630.924769		51		41.38
1632.034722		51		41.38
1633.145833		51		41.31
1634.256944		51		41.31
1635.368056		51.25		41.31
1636.479167		51		41.25
1637.590278		51		41.19
1638.701389		50.75		41.19
1639.997685		51.5		41.19
1641.144676		50.75		41.13
1642.613426		51.75		41.06
1643.81713		51		41
1644.974537		50.75		40.94
1646.224537		51.5		40.88
1647.381944		51.25		40.75
1648.493056		51.75		40.69
1649.603009		51.5		40.69
1650.760417		51.75		40.63
1651.871528		51.75		40.56
1652.982639		51.5		40.44
1654.09375		51.25		40.44
1655.405093		52		40.38
1656.597222		51.5		40.31
1657.746528		52		40.25
1658.857639		52.25		40.19
1659.96875		51.75		40.13
1661.405093		52.5		40.06
1662.596065		52.25		39.38
1663.846065		52.75		39.94
1665.002315		53		39.25
1666.113426		53		39.38
1667.224537		52.75		39.31
1668.381944		53		39.38
1669.539352		53.25		39.44
1670.650463		53.5		39.56
1671.792824		53.75		39.63
1672.903935		53.75		39.81
1674.015046		53.5		39.94
1675.126157		54		40.06
1676.237269		53.5		40.19
1677.34838		53.75		40.31
1678.458333		54.25		40.44
1679.572917		54		40.63
1680.674769		53.75		40.75
1681.78588		53.75		40.81
1682.896991		54.25		40.94
1684.008102		54.5		41
1685.107639		53.75		41.13
1686.21875		54		41.19
1687.329861		54.25		41.25
1688.439815		54.5		41.38
1689.550926		54.5		41.44
1690.662037		54		41.5
1691.767361		54		41.63
1692.914352		54.5		41.69
1694.15625		53.25		41.81
1695.267361		53.25		41.94
1696.378472		52.25		42
1697.489583		52		42.56
1698.600694		51.25		42.69
1699.711806		51.5		42.75
1700.818287		51.5		42.81
1701.957176		50.75		42.88
1703.068287		50.5		42.94
1704.179398		51		42.94
1705.290509		50.75		43
1706.40162		50.75		43
1707.505787		51		43
1708.633102		51		43
1709.737269		51		43
1710.849537		50.75		42.94
1711.954861		51		42.94
1713.065972		51		42.94
1714.177083		51		42.88
1715.287037		50.5		42.88
1716.398148		50.5		42.88
1717.509259		51		42.75
1718.62037		51		42.75
1719.777778		50.75		42.69
1720.868056		51		42.63
1722.003472		51.25		42.56
1723.114583		51		42.56
1724.225694		51.5		42.5
1725.335648		51.25		42.44
1726.446759		51.5		42.38
1727.55787		51		42.38
1728.668981		51.5		42.31
1729.868056		52		42.25
1730.97338		52		42.19
1732.070602		52.25		42.13
1733.228009		52		42.13
1734.431713		52.5		42.06
1735.58912		52.25		41.31
1736.700231		52		41.94
1738.135417		52.75		41.94
1739.337963		52		41.25
1740.587963		52.5		41.81
1741.699074		52.5		41.19
1742.834491		52.75		41.25
1743.971065		53		41.25
1745.128472		53.25		41.25
1746.230324		53.5		41.31
1747.387731		53.25		41.38
1748.498843		52.75		41.44
1749.609954		53.75		41.5
1750.721065		54.25		41.63
1751.829861		54		41.75
1752.940972		54.25		41.81
1754.046296		53.5		41.94
1755.148148		54.25		42.06
1756.259259		54.5		42.13
1757.37037		54		42.25
1758.481481		53.75		42.31
1759.592593		54		42.44
1760.703704		53.5		42.5
1761.849537		53.25		42.63
1762.960648		53.25		42.75
1764.065972		52.5		42.81
1765.177083		52.75		42.94
1766.328704		52		43
1767.532407		52.5		43.56
1768.678241		52.75		43.13
1769.788194		52.75		43.31
1770.900463		52.75		43.44
1772.056713		53		43.56
1773.167824		53		43.63
1774.278935		53		43.75
1775.424769		53.25		43.88
1776.578704		52.75		43.94
1777.689815		52.75		44
1778.780093		52.75		44.13
1779.891204		52.5		44.25
1781.465278		53.25		44.31
1782.715278		52.5		44.44
1783.825231		52.5		44.5
1784.936343		52.25		44.56
1786.047454		52		45.13
1787.158565		51.75		45.19
1788.269676		52		45.25
1789.380787		52		45.31
1790.491898		51.5		45.31
1791.59838		51.75		45.38
1792.709491		51.25		45.38
1793.866898		51.75		45.38
1794.978009		51.5		45.38
1796.08912		51.75		45.38
1797.200231		51.5		45.31
1798.310185		51.75		45.38
1799.423611		51.75		45.31
1800.534722		52		45.31
1801.640046		51.75		45.25
1802.751157		51.75		45.25
1803.908565		51.5		45.19
1805.019676		51.25		45.13
1806.640046		52.25		45.06
1807.842593		52		45
1808.950231		52		44.94
1810.107639		52.25		44.88
1811.21875		52.25		44.81
1812.329861		52.25		44.75
1813.449074		52.25		44.69
1814.560185		52.5		44.63
1815.671296		52.5		43.94
1816.782407		52.25		44
1817.893519		52.25		44.38
1819.00463		52.5		44.38
1820.097222		52.5		43.81
1821.238426		52.5		43.88
1822.34375		52.25		43.88
1823.592593		52.75		44.38
1824.739583		52.75		43.88
1825.850694		52.75		43.94
1827.193287		53.25		43.94
1828.349537		52.75		43.94
1829.506944		53		44
1830.664352		53.25		44.06
1831.775463		53.5		44.06
1832.93287		52.75		44.13
1834.043981		53.5		44.19
1835.247685		53.25		44.25
1836.346065		53.5		44.38
1837.49537		53.25		44.38
1838.606481		53.75		44.44
1839.717593		54		44.44
1840.854167		53.75		44.44
1841.944444		54.25		44.5
1843.043981		54		44.56
1844.155093		53.25		44.56
1845.266204		53		44.63
1846.377315		52.5		44.69
1847.488426		52.5		44.75
1848.645833		52.5		44.75
1849.756944		52		44.88
1850.868056		52.25		45.38
1851.967593		51.75		45.44
1853.078704		51.25		45.5
1854.236111		51.75		45.5
1855.347222		51.5		45.56
1856.458333		51.5		45.56
1857.569444		51.5		45.5
1858.680556		51.5		45.5
1859.791667		51.5		45.5
1860.902778		51.25		45.5
1862.012731		51.5		45.44
1863.123843		51.75		45.44
1864.234954		51.75		45.38
1865.386574		52		45.31
1866.497685		52		45.25
1867.608796		52		45.19
1868.719907		52.25		45.19
1869.831019		52.25		45.13
1870.940972		52		45
1872.041667		52.25		45
1873.180556		52		44.94
1874.293981		52.25		44.88
1875.403935		52.5		44.75
1876.515046		52.5		44
1877.626157		52.25		44.06
1878.737269		52.25		44.5
1879.987269		52.75		44.44
1881.144676		52.25		43.81
1882.24537		52.5		44.44
1883.819444		53.25		43.88
1885.023148		53		43.94
1886.134259		52.5		43.94
1887.418981		53		44
1888.576389		53		44.06
1889.6875		53.5		44.06
1890.891204		52.75		44.13
1892.002315		52.5		44.19
1893.112269		53.5		44.25
1894.412037		53.25		44.31
1895.523148		53.25		44.38
1896.634259		53.25		44.44
1897.74537		53.25		44.5
1898.856481		54.25		44.56
1899.967593		54.25		44.63
1901.078704		53.75		44.69
1902.18287		54.25		44.69
1903.311343		54		44.75
1904.409722		53.75		44.81
1905.545139		53.75		44.81
1906.65625		53		44.88
1907.80787		53.25		44.88
1908.94213		52.75		45
1910.086806		52.5		45
1911.197917		52.5		45.06
1912.283565		52.25		45.13
1913.387731		51.5		45.69
1914.591435		52		45.75
1915.703704		52		45.81
1916.814815		51.5		45.88
1917.925926		51.75		45.88
1919.050926		51.75		45.88
1920.177083		51.75		45.88
1921.287037		51.75		45.88
1922.398148		51.75		45.88
1923.509259		51.75		45.88
1924.62037		51.75		45.88
1925.731481		51.75		45.88
1926.842593		51.5		45.81
1928		52		45.75
1929.157407		52.25		45.75
1930.268519		52		45.69
1931.37963		52.25		45.63
1932.489583		52.25		45.63
1933.600694		52.5		45.56
1934.711806		52.5		44.94
1935.822917		52.75		44.94
1936.954861		52.5		44.88
1938.065972		52.5		44.81
1939.177083		52.5		44.88
1940.47338		53		44.88
1941.630787		53		44.88
1942.728009		53		45
1943.826389		52.75		45
1944.979167		53		45.06
1946.090278		52.75		45.13
1947.201389		52.75		45.19
1948.358796		52.75		45.25
1949.653935		53.25		45.25
1950.857639		53.25		45.38
1951.96875		53		45.38
1953.079861		53		45.38
1954.190972		53		45.44
1955.34838		53.25		45.5
1956.459491		53.25		45.56
1957.570602		53		45.56
1958.681713		52.5		45.63
1959.795139		52.75		45.69
1960.90625		52.75		45.69
1962.017361		52.75		45.75
1963.128472		52.75		45.81
1964.239583		52.5		45.88
1965.396991		52.5		45.88
1966.506944		52.5		45.94
1967.618056		52.25		46
1968.868056		52.75		46.5
1970.021991		52.5		46.06
1971.133102		52.25		46.13
1972.236111		52.5		46.69
1973.347222		52.25		46.13
1974.484954		51.75		46.75
1975.596065		52		46.75
1976.706019		51.75		46.75
1977.81713		51.75		46.81
1978.925926		51.75		46.81
1980.037037		51.75		46.81
1981.131944		52		46.81
1982.275463		51.75		46.75
1983.385417		52		46.75
1984.482639		51.75		46.69
1985.59375		51.5		46.63
1986.797454		52		46.63
1987.908565		51.75		46.56
1989.019676		51.75		46.56
1990.130787		51.5		46.5
1991.288194		52		46.5
1992.444444		52.25		46.38
1993.555556		52.25		46.31
1994.666667		52.5		46.31
1995.777778		52.5		45.56
1996.888889		52.75		45.69
1998		52.75		45.63
1999.157407		53		45.63
2000.268519		52.5		45.56
2001.842593		53.25		45.56
2003.033565		53.25		45.56
2004.178241		52.5		45.63
2005.428241		53		45.63
2006.585648		52.75		45.69
2007.731481		53		45.75
2008.888889		53		45.81
2010		53		45.81
2011.15625		53.25		45.88
2012.267361		53		45.94
2013.424769		53.25		45.94
2014.582176		53.25		46
2015.666667		53.25		46.06
2016.8125		53.25		46.13
2017.923611		53.25		46.19
2019.034722		53.25		46.19
2020.145833		53.25		46.25
2021.255787		53.25		46.31
2022.366898		53.25		46.31
2023.478009		53		46.38
2024.58912		53		46.44
2025.746528		53.25		46.5
2026.857639		52.5		46.5
2028.015046		52.5		46.5
2029.126157		52.75		46.5
2030.237269		52.75		46.56
2031.344907		52.5		46.63
2032.453704		52.5		46.63
2033.555556		52.25		46.63
2034.666667		52.5		47.19
2035.777778		52.5		46.69
2036.908565		52.25		46.75
2038.150463		52.75		47.25
2039.30787		52.75		46.63
2040.418981		52		46.81
2041.530093		52.25		47.31
2042.640046		52.5		47.31
2043.751157		52.5		46.75
2044.862269		52		46.81
2045.97338		52.25		47.38
2047.130787		52.25		47.38
2048.241898		52.25		47.38
2049.353009		52		47.38
2050.46412		52.25		47.38
2051.575231		51.5		47.38
2052.931713		52.25		47.31
2054.123843		52.5		47.31
2055.234954		52		46.63
2056.438657		52.5		47.25
2057.596065		51.75		46.56
2058.799769		52.25		47.19
2059.91088		52		47.19
2061.146991		52.5		47.19
2062.303241		52.5		46.56
2063.413194		52.75		46.63
2064.525463		52.5		46.56
2065.636574		52.25		46.56
2066.746528		52.5		47
2067.857639		52.75		46.5
2069.015046		53		46.5
2070.126157		53		46.5
2071.237269		52.25		46.5
2072.34838		52.5		47
2073.459491		52.75		46.44
2074.570602		52.5		46.5
2075.866898		53		46.5
2077.024306		53		46.44
2078.134259		53		46.44
2079.24537		53		46.44
2080.356481		53		46.5
2081.513889		52.75		46.5
2082.625		52.75		46.5
2083.736111		52.75		46.56
2084.847222		52.75		46.56
2085.958333		53		46.63
2087.146991		53.25		46.63
2088.246528		53		46.69
2089.388889		52.5		46.69
2090.685185		53		46.75
2091.842593		53		46.81
2092.957176		52.75		46.81
2094.0625		52.5		46.88
2095.155093		52.5		46.88
2096.266204		52.5		46.94
2097.422454		52.25		47
2098.533565		52.25		47.5
2099.644676		52.25		47.5
2100.75463		52.25		47.56
2101.864583		51.5		47.56
2103.559028		52.5		47.56
2104.80787		51.5		47
2105.960648		52		47.44
2107.071759		51.5		47.44
2108.277778		52		47.38
2109.388889		51.25		47.38
2110.730324		52		47.31
2111.887731		52		47.31
2112.998843		52		47.25
2114.09838		52		47.19
2115.209491		51.5		47.13
2116.413194		52		47.06
2117.524306		51.75		47.06
2118.634259		52		47
2119.74537		52.25		46.94
2120.856481		52.25		46.94
2121.996528		52		46.88
2123.090278		52		46.81
2124.201389		52		46.75
2125.304398		52		46.69
2126.415509		52		46.63
2127.525463		51.75		46.63
2128.960648		52.5		46.56
2130.118056		52.5		45.94
2131.275463		52.5		45.94
2132.386574		52.5		45.88
2133.497685		52.75		45.81
2134.633102		53		45.81
2135.743056		53		45.81
2136.854167		53.5		45.75
2138.011574		53.25		45.75
2139.122685		53.5		45.75
2140.233796		53.5		45.75
2141.344907		53.25		45.81
2142.457176		53.25		45.88
2143.569444		53.75		45.81
2144.688657		54		45.88
2145.799769		53.75		45.88
2146.909722		54.25		45.94
2148.020833		54.5		45.94
2149.131944		54.5		45.94
2150.243056		53.75		45.94
2151.354167		54		46
2152.46875		54.5		46
2153.579861		54.5		46.06
2154.690972		54		46.06
2155.802083		53.75		46.06
2156.913194		53.25		46.06
2158.0625		53.5		46.13
2159.196759		53.25		46.13
2160.296296		53.5		46.19
2161.400463		53.5		46.25
2162.511574		53		46.31
2163.715278		53.25		46.38
2164.872685		52.75		46.38
2166.215278		53.25		46.44
2167.372685		53		46.5
2168.530093		52.25		46.5
2169.640046		52.5		47.06
2170.751157		52		46.5
2171.862269		52.25		47.19
2172.966435		52		47.13
2174.427083		52.75		47.13
2175.630787		52.5		46.63
2176.741898		52.5		46.69
2177.853009		52.25		46.69
2178.96412		52.25		47.19
2180.075231		52.5		47.19
2181.186343		52.25		46.69
2182.297454		52.5		47.19
2183.402778		52.5		46.69
2184.513889		52.75		46.75
2185.666667		52.5		46.69
2186.777778		52.75		46.69
2187.888889		52.5		46.75
2189		52.5		46.75
2190.109954		52.5		46.69
2191.221065		52.5		46.69
2192.353009		52.5		46.69
2193.462963		52.75		46.75
2194.565972		52.5		46.75
2195.677083		52.5		46.81
2196.815972		52.75		46.81
2197.927083		52		46.88
2199.038194		52.25		47.38
2200.149306		52.25		47.38
2201.260417		52		47.38
2202.371528		52		47.44
2203.482639		52		47.44
2204.592593		51.5		47.44
2205.703704		51.75		47.44
2206.814815		51.75		47.44
2207.925926		52		47.38
2209.037037		52		47.31
2210.148148		51.5		47.31
2211.305556		52		47.25
2212.462963		51.75		47.19
2213.55787		51.5		47.19
2214.66088		51.75		47.13
2215.771991		51.75		47.13
2216.929398		52		47.06
2218.131944		52.5		47
2219.289352		52		46.31
2220.400463		52		46.94
2221.511574		52.25		46.88
2222.622685		52.25		46.81
2223.733796		52.5		46.81
2224.844907		52.75		46.13
2225.940972		52.5		46.25
2227.09838		52.75		46.19
2228.209491		53		46.13
2229.320602		52.25		46.19
2230.467593		52.25		46.63
2231.578704		52.5		46.69
2232.678241		52.75		46.13
2234.020833		53.25		46.19
2235.178241		52.75		46.19
2236.335648		53		46.19
2237.493056		53.25		46.25
2238.604167		53		46.25
2239.715278		53.75		46.25
2240.824074		53.5		46.25
2241.935185		53.25		46.25
2243.077546		53.25		46.25
2244.16088		53.5		46.25
2245.291667		53.5		46.25
2246.402778		54		46.25
2247.605324		53.25		46.25
2248.716435		53.5		46.31
2249.825231		54		46.31
2250.936343		54		46.31
2252.047454		53.5		46.38
2253.158565		53.5		46.44
2254.269676		53.5		46.44
2255.381944		53.25		46.44
2256.491898		52.5		46.5
2258.065972		53.25		46.5
2259.268519		52.75		46.5
2260.37963		52.5		46.56
2261.490741		52.5		46.56
2262.597222		52.25		46.63
2263.738426		52		47.19
2264.940972		52.5		47.25
2266.09838		51.75		46.63
2267.209491		52		47.25
2268.309028		52		47.31
2269.420139		51.75		47.31
2270.554398		51.75		47.31
2271.69213		51.75		47.31
2272.805556		51.75		47.31
2273.913194		51.75		47.31
2275.114583		52.25		47.25
2276.224537		52		47.25
2277.335648		52.25		47.19
2278.446759		52.25		47.19
2279.55787		52.5		47.13
2280.668981		52		46.56
2281.780093		52		47
2282.891204		52.25		47
2284.002315		51.75		47
2285.4375		52.5		46.94
2286.641204		52.5		46.38
2287.744213		52.75		46.38
2288.855324		52.5		46.38
2289.966435		52.5		46.38
2291.076389		52		46.38
2292.1875		52.25		46.88
2293.292824		52.25		46.81
2294.58912		52.75		46.81
2295.700231		52.5		46.25
2296.811343		52		46.31
2298.060185		52.5		46.81
2299.217593		52.75		46.19
2300.328704		53		46.31
2301.439815		53		46.31
2302.550926		53		46.31
2303.743056		53.25		46.31
2304.857639		53		46.31
2305.96875		53		46.38
2307.12037		53.25		46.38
2308.277778		53		46.44
2309.435185		53.25		46.44
2310.545139		53		46.5
2311.702546		53.25		46.56
2312.859954		53		46.56
2313.967593		53		46.63
2315.105324		53.25		46.63
2316.216435		53.5		46.69
2317.373843		53		46.75
2318.53125		53.25		46.81
2319.642361		52.5		46.88
2320.752315		52.75		46.88
2322.094907		53.25		46.94
2323.298611		52.5		46.94
2324.409722		52.5		47
2325.520833		52.5		47
2326.631944		52.5		47
2327.743056		52		47.06
2328.854167		52.25		47.56
2329.965278		52.25		47.56
2331.076389		52.5		47.63
2332.1875		52.75		47.13
2333.297454		52.5		47.13
2334.412037		52		47.13
2335.662037		52.5		47.63
2336.773148		52		47.06
2337.883102		52.25		47.63
2339.171296		52.75		47.63
2340.328704		52.5		47.13
2341.438657		52.5		47.13
2342.530093		52.75		47.13
2343.641204		52.25		47.06
2344.752315		52.25		47.63
2346.280093		53		47.63
2347.483796		52.75		47.06
2348.641204		53		47.13
2349.752315		52		47.13
2350.864583		52		47.63
2351.975694		52.25		47.63
2353.085648		52.25		47.63
2354.18287		52		47.63
2355.293981		52		47.63
2356.451389		52		47.56
