0		19		20.81
1.666666667		18.75		20.81
2.770833333		18.75		20.81
3.881944444		18.75		20.81
4.99537037		18.75		20.81
6.096064815		18.75		20.81
7.255787037		19		20.81
8.366898148		18.75		20.81
9.478009259		19		20.81
10.5787037		18.75		20.81
11.68981481		19		20.81
12.80092593		19.25		20.81
13.91203704		18.75		20.81
15.02314815		19		20.81
16.13425926		18.25		20.81
17.24537037		18.75		20.81
18.35648148		19		20.87
19.46759259		19		20.81
20.60300926		19		20.87
21.70023148		18.75		20.81
22.83217593		19.25		20.81
23.92824074		18.5		20.81
25.04050926		19		20.81
26.14814815		19		20.81
27.2650463		19		20.87
28.37962963		19.5		20.81
29.49305556		19		20.81
30.60069444		19.25		20.87
31.74537037		19.25		20.81
32.85648148		19.25		20.81
33.96759259		20		20.87
35.07291667		19.25		20.81
36.17824074		19.75		20.81
37.28472222		20		20.81
38.43171296		19.75		20.81
39.53819444		20		20.87
40.64236111		19.75		20.81
41.74884259		20		20.81
42.88773148		20		20.81
43.99768519		19.75		20.87
45.10300926		20		20.87
46.21527778		20.5		20.81
47.31828704		19.5		20.87
48.4224537		20.5		20.87
49.56712963		20		20.87
50.68171296		20.25		20.87
51.78935185		20.5		20.81
52.88773148		20.5		20.87
54		20.75		20.87
55.10648148		20.75		20.81
56.25462963		20.75		20.87
57.35763889		21		20.87
58.46527778		21		20.87
59.56712963		21.25		20.87
60.71064815		21		20.87
61.78472222		21.25		20.87
62.92708333		21		20.87
64.03240741		21		20.87
65.13425926		21.25		20.87
66.23958333		21		20.87
67.38888889		21		20.87
68.50347222		21.25		20.87
69.59027778		21.5		20.87
70.69560185		21.25		20.87
71.81134259		21.75		20.87
72.9224537		21.75		20.87
74.06828704		21.75		20.87
75.17361111		21.75		20.94
76.27662037		21.5		20.94
77.38773148		21.5		20.94
78.49884259		21.75		20.94
79.6099537		22		20.94
80.71875		22		20.87
81.86458333		21.75		20.87
82.97569444		22.25		20.87
84.08680556		22.25		20.87
85.19791667		22.5		20.87
86.30208333		22.5		20.87
87.41319444		22.5		20.87
88.52430556		22.5		20.94
89.63541667		22.75		20.87
90.74537037		22.5		20.87
91.85648148		23		20.87
92.96759259		22.75		20.87
94.0787037		23		20.87
95.23611111		23		20.87
96.34722222		23		20.87
97.44212963		22.75		20.87
98.55324074		23		20.87
99.66435185		22.75		20.87
100.775463		23		20.87
101.8865741		23.25		20.87
102.9976852		23.25		20.87
104.1087963		23.5		20.87
105.21875		23.5		20.81
106.3668981		23.5		20.87
107.4780093		23.5		20.87
108.5891204		23.25		20.87
109.7002315		23.25		20.94
110.806713		23.75		20.87
111.9166667		23.5		20.87
113.0277778		23.25		20.87
114.1388889		23.75		20.87
115.25		24		20.87
116.3645833		24.25		20.87
117.4699074		24		20.87
118.5810185		24		20.87
119.6921296		23.75		20.87
120.8483796		24.25		20.87
121.9594907		24.25		20.87
123.0706019		24.25		20.87
124.181713		24.5		20.87
125.2928241		24		20.87
126.4039352		24.5		20.87
127.5081019		24.25		20.87
128.6111111		24		20.87
129.7222222		24.75		20.87
130.8333333		25		20.87
131.9444444		24		20.87
133.1006944		25		20.87
134.2118056		24.5		20.87
135.3229167		24.5		20.87
136.4282407		24.75		20.87
137.5289352		24.5		20.87
138.6319444		25		20.87
139.7430556		24.75		20.87
140.8541667		25		20.81
141.9652778		25		20.87
143.1226852		25.5		20.87
144.2337963		25		20.87
145.3449074		25.25		20.87
146.4513889		25.5		20.87
147.5520833		25		20.87
148.6631944		25.5		20.87
149.7743056		25.5		20.87
150.8854167		25.75		20.81
152.0196759		25.5		20.87
153.125		25.5		20.87
154.2222222		25.5		20.81
155.3333333		25		20.87
156.4826389		25.75		20.87
157.5821759		26		20.87
158.6840278		26		20.87
159.7951389		26		20.87
160.90625		26		20.87
162.0173611		26.25		20.87
163.1284722		26.25		20.87
164.2395833		26.75		20.87
165.3831019		25.75		20.87
166.494213		26.5		20.87
167.6180556		26		20.87
168.7083333		26.25		20.87
169.8194444		25.75		20.87
170.9652778		26.5		20.87
172.0763889		26.5		20.87
173.1643519		26.25		20.87
174.2928241		26.75		20.87
175.3981481		26.25		20.87
176.5069444		26.5		20.87
177.6377315		26.25		20.87
178.7465278		26.5		20.87
179.8449074		26.75		20.87
180.9490741		27		20.87
182.09375		26.75		20.87
183.1840278		26.75		20.87
184.3055556		27		20.87
185.4039352		27		20.87
186.5358796		27		20.87
187.6319444		27		20.81
188.7708333		26.75		20.87
189.8761574		27.5		20.87
190.9988426		27.25		20.87
192.09375		27.25		20.87
193.224537		27.25		20.87
194.3217593		27.75		20.87
195.4513889		27.25		20.81
196.5532407		27.5		20.87
197.6643519		27.5		20.81
198.7708333		27		20.87
199.9155093		27		20.87
201.03125		27		20.81
202.1365741		27.75		20.81
203.2407407		28.25		20.81
204.349537		27.5		20.81
205.4525463		28.25		20.87
206.5601852		27.5		20.87
207.7048611		27		20.87
208.8148148		27.25		20.87
209.9212963		28		20.87
211.0543981		28.25		20.81
212.1643519		28.25		20.81
213.2708333		28.25		20.87
214.375		28		20.87
215.4791667		28.25		20.87
216.6261574		28.25		20.87
217.7291667		28.25		20.87
218.8287037		28.25		20.87
219.9305556		28.5		20.87
221.0798611		28.5		20.81
222.1898148		28		20.87
223.2962963		28.5		20.81
224.4085648		28.25		20.81
225.5138889		28.5		20.87
226.6203704		28.75		20.87
227.724537		28.75		20.81
228.8703704		28.25		20.87
229.974537		28.75		20.81
231.0763889		28.75		20.87
232.1828704		29		20.81
233.3159722		29		20.81
234.4444444		29		20.81
235.5509259		29		20.87
236.650463		29		20.87
237.7488426		29.25		20.81
238.8831019		29		20.87
239.9780093		28.75		20.81
241.1064815		29.25		20.87
242.2349537		29.25		20.81
243.3449074		29.25		20.81
244.4456019		29.25		20.81
245.5474537		29.25		20.81
246.6840278		29.75		20.81
247.7951389		29.5		20.75
248.8981481		29		20.81
250.005787		29.75		20.81
251.1111111		29.75		20.81
252.2233796		29.75		20.75
253.3483796		29.5		20.81
254.4872685		29.5		20.81
255.5914352		29.5		20.81
256.7164352		30		20.81
257.8263889		29.25		20.75
258.9375		29.75		20.81
260.0462963		30		20.75
261.1689815		29.75		20.75
262.255787		29.75		20.75
263.3622685		30.25		20.81
264.4756944		30.25		20.75
265.6319444		30.25		20.81
266.7430556		30		20.81
267.8541667		30.25		20.81
268.9652778		30.5		20.81
270.0763889		30		20.81
271.1886574		30		20.75
272.2997685		30.75		20.75
273.4108796		30.25		20.75
274.5219907		30.75		20.75
275.6331019		30.5		20.75
276.744213		30		20.75
277.8391204		30.25		20.75
278.974537		31		20.81
280.0844907		30		20.75
281.1956019		30.75		20.81
282.306713		30.75		20.75
283.4178241		30.75		20.81
284.5289352		30.75		20.75
285.6400463		31		20.81
286.7511574		31		20.75
287.8946759		31		20.75
289		31		20.81
290.1111111		30.75		20.81
291.2222222		31.25		20.75
292.349537		31.75		20.75
293.4606481		31.25		20.75
294.5717593		31.25		20.75
295.6747685		31.25		20.69
296.8206019		31		20.75
297.9189815		31		20.75
299.0115741		31.25		20.75
300.1226852		31		20.75
301.2337963		31.25		20.75
302.3449074		32		20.75
303.4641204		31.75		20.75
304.6134259		31.5		20.75
305.724537		31.5		20.75
306.8356481		32		20.75
307.9467593		31		20.75
309.0578704		32		20.75
310.1689815		32		20.75
311.255787		32.25		20.75
312.3912037		31.75		20.69
313.4953704		31.75		20.75
314.6064815		32		20.75
315.7175926		32		20.69
316.8252315		32.5		20.75
317.9363426		31.75		20.69
319.09375		32		20.69
320.2048611		31.75		20.75
321.3159722		32.5		20.69
322.4270833		31.75		20.75
323.5381944		32.5		20.69
324.6481481		32.25		20.69
325.7592593		32.75		20.69
326.8703704		32.5		20.75
328.0023148		32.75		20.75
329.1134259		32.5		20.69
330.224537		32.25		20.69
331.3298611		32.75		20.75
332.4409722		33		20.69
333.53125		32.75		20.75
334.6886574		32.75		20.75
335.7789352		32.75		20.69
336.8854167		32.75		20.69
337.9895833		32.25		20.75
339.1331019		32.75		20.75
340.244213		32.25		20.75
341.3553241		33		20.69
342.4664352		32.5		20.69
343.5775463		33.25		20.69
344.6886574		33.25		20.69
345.7997685		33.5		20.69
346.9108796		33.25		20.69
348.0219907		33.25		20.69
349.1342593		33		20.69
350.2453704		33.5		20.69
351.3564815		33.25		20.69
352.4675926		33.25		20.69
353.5787037		33.75		20.69
354.7361111		33.75		20.69
355.8460648		33.5		20.62
356.9571759		33.5		20.69
358.068287		33.75		20.62
359.1689815		33.5		20.62
360.306713		33.75		20.69
361.4178241		33.75		20.69
362.5289352		33.75		20.69
363.6400463		34		20.62
364.7511574		34		20.69
365.8449074		34.25		20.69
366.9861111		33.75		20.69
368.099537		33.75		20.62
369.1979167		34.25		20.62
370.3101852		34		20.62
371.412037		33.75		20.62
372.5196759		34.25		20.69
373.6597222		34		20.62
374.7662037		34.5		20.62
375.8715278		34.5		20.69
376.9803241		34.5		20.62
378.0868056		34.5		20.62
379.2303241		34		20.62
380.3321759		34.5		20.69
381.4398148		34.5		20.62
382.5787037		34.5		20.62
383.6469907		34		20.62
384.7789352		34.5		20.62
385.880787		34.25		20.62
386.9907407		34.25		20.62
388.1018519		34.5		20.56
389.25		34.75		20.62
390.3622685		34.75		20.62
391.4710648		34.75		20.62
392.5856481		35		20.56
393.6921296		34.75		20.62
394.8090278		35.25		20.62
395.9201389		35		20.62
397.03125		35		20.56
398.1423611		35		20.62
399.2384259		35.25		20.62
400.3958333		35.5		20.62
401.5069444		35.5		20.62
402.6145833		35		20.62
403.7256944		35.5		20.62
404.8321759		35.5		20.62
405.943287		35.75		20.62
407.056713		35.5		20.62
408.1747685		35.75		20.56
409.3032407		35.5		20.62
410.4097222		35.5		20.62
411.5231481		35.25		20.62
412.6342593		35.75		20.62
413.744213		35.5		20.62
414.8553241		36		20.62
415.9664352		35.25		20.56
417.0775463		35.75		20.56
418.1770833		35.75		20.62
419.3113426		36		20.62
420.4224537		35.75		20.62
421.5335648		36		20.62
422.6446759		36.25		20.56
423.755787		35.75		20.56
424.8668981		36.25		20.62
425.9780093		36.25		20.62
427.0891204		36.25		20.62
428.1990741		35.75		20.62
429.3240741		36.5		20.62
430.4351852		36.5		20.56
431.5659722		36.5		20.56
432.6875		36.5		20.62
433.7893519		36.5		20.62
434.8819444		36.5		20.56
436.0277778		36.25		20.62
437.1122685		36.75		20.62
438.2326389		36.5		20.62
439.3773148		36.5		20.62
440.4710648		36.5		20.62
441.5740741		37		20.62
442.6921296		36.5		20.56
443.8159722		36.5		20.56
444.9143519		36.25		20.56
446.0219907		36.5		20.56
447.1493056		37.25		20.56
448.2604167		36.75		20.56
449.3703704		37		20.62
450.474537		36.75		20.56
451.6053241		37.25		20.62
452.7175926		37		20.62
453.8101852		37.25		20.56
454.9259259		37.25		20.56
456.056713		36.75		20.5
457.1724537		36.75		20.56
458.2986111		37.25		20.62
459.3958333		37.5		20.56
460.5289352		37.25		20.56
461.6446759		37		20.62
462.7280093		37.5		20.56
463.8518519		37.5		20.62
464.9606481		37.75		20.56
466.0763889		38.25		20.56
467.2025463		37.75		20.56
468.3136574		37.5		20.56
469.4409722		37.75		20.62
470.5601852		37.75		20.56
471.6759259		38		20.56
472.7650463		37.75		20.56
473.8935185		38		20.62
474.9907407		38		20.56
476.087963		37.75		20.56
477.21875		38		20.56
478.3298611		38		20.56
479.431713		38.5		20.56
480.5416667		38		20.56
481.6608796		38.25		20.56
482.7696759		38		20.56
483.8969907		38		20.56
484.9976852		38.5		20.56
486.1412037		37.75		20.56
487.2233796		38.25		20.56
488.3715278		38.5		20.56
489.4502315		38.25		20.56
490.5729167		38.75		20.56
491.6793981		39		20.56
492.8055556		38.25		20.56
493.9189815		38.75		20.56
495.0393519		38.75		20.56
496.1747685		38.5		20.56
497.2592593		38.75		20.56
498.3969907		38.75		20.5
499.5081019		39		20.56
500.6203704		38.5		20.56
501.7060185		38.75		20.56
502.8333333		39.25		20.56
503.9444444		38.5		20.56
505.0543981		39.5		20.5
506.1655093		38.75		20.56
507.2766204		39.25		20.56
508.4050926		39		20.56
509.5081019		39		20.5
510.6157407		39.75		20.5
511.7291667		39.5		20.56
512.8576389		39.5		20.5
513.9756944		39.25		20.5
515.0810185		39.25		20.5
516.2002315		38.75		20.5
517.3275463		39.75		20.5
518.4479167		39.5		20.5
519.5451389		39.5		20.5
520.6655093		39.5		20.5
521.7847222		40		20.5
522.8738426		40		20.5
523.9930556		39.5		20.5
525.09375		39.75		20.5
526.21875		40		20.5
527.3240741		39.75		20.5
528.4675926		40		20.56
529.5752315		40		20.5
530.6851852		39.5		20.5
531.8055556		40		20.5
532.8923611		39.75		20.5
534.0081019		40.25		20.5
535.1423611		40		20.5
536.2465278		40.25		20.5
537.3645833		40.25		20.5
538.4861111		40		20.5
539.6018519		40.25		20.5
540.7037037		40		20.44
541.8148148		39.75		20.5
542.9131944		40		20.5
544.037037		40.25		20.5
545.1643519		40.25		20.5
546.2893519		40.5		20.5
547.400463		40.75		20.5
548.5127315		40.75		20.5
549.630787		40.25		20.5
550.7326389		40.5		20.5
551.84375		41		20.5
552.9490741		40.5		20.5
554.0659722		41		20.5
555.2094907		40.75		20.5
556.2974537		41		20.5
557.4085648		40.75		20.5
558.5196759		40.75		20.44
559.630787		41		20.44
560.7708333		40.5		20.5
561.8819444		40.75		20.44
562.9814815		41		20.44
564.0914352		41.25		20.44
565.2025463		41.25		20.44
566.3217593		40.75		20.44
567.4328704		41.5		20.44
568.53125		41.25		20.5
569.6886574		41.25		20.44
570.787037		41.75		20.44
571.8981481		41.75		20.44
573.0092593		41		20.44
574.1203704		41.75		20.44
575.2314815		41.5		20.44
576.3298611		41.75		20.44
577.4398148		41.75		20.44
578.5972222		41.75		20.44
579.7152778		41.75		20.44
580.8229167		41.5		20.44
581.9340278		41.25		20.44
583.03125		41.5		20.44
584.130787		42		20.44
585.2418981		41.75		20.44
586.3831019		41.5		20.44
587.494213		41.5		20.44
588.6053241		41.75		20.37
589.7164352		42		20.44
590.8275463		41.75		20.37
591.9386574		41.5		20.44
593.0497685		41.75		20.44
594.1597222		42		20.44
595.2708333		41.5		20.44
596.3819444		42.25		20.37
597.4930556		42		20.44
598.6041667		42.5		20.44
599.7152778		42.25		20.37
600.8263889		42.25		20.37
601.9375		42.25		20.44
603.0775463		42.25		20.37
604.1886574		42.75		20.44
605.2997685		42.5		20.37
606.4108796		42.25		20.37
607.5219907		42		20.37
608.6168981		42.5		20.37
609.775463		42.75		20.37
610.8865741		42.25		20.37
611.9861111		42.5		20.37
613.099537		42.5		20.37
614.2106481		42.75		20.37
615.3217593		43		20.37
616.4328704		42.5		20.37
617.5439815		42.75		20.37
618.6481481		42.75		20.37
619.7962963		43.25		20.37
620.9074074		43.25		20.31
622.0185185		43		20.37
623.1296296		42.5		20.37
624.2407407		43		20.37
625.3518519		43		20.37
626.462963		43		20.37
627.5810185		43.25		20.37
628.6956019		43.25		20.37
629.8078704		43		20.37
630.8958333		43.25		20.37
632.0092593		43		20.37
633.15625		43.25		20.37
634.2673611		43.5		20.37
635.3680556		43		20.31
636.4768519		42.75		20.37
637.6053241		43.5		20.37
638.7141204		43.25		20.37
639.8101852		43.25		20.31
640.9212963		43.5		20.37
642.0648148		44		20.37
643.1655093		43.25		20.37
644.2662037		43		20.37
645.3854167		43.5		20.37
646.5127315		43.75		20.31
647.6284722		43.5		20.31
648.7453704		43.75		20.31
649.869213		43.5		20.37
650.9502315		44		20.37
652.0520833		43.75		20.31
653.1828704		43.75		20.31
654.2974537		44		20.37
655.4166667		44		20.31
656.5381944		44		20.31
657.662037		43.75		20.31
658.7534722		44.25		20.31
659.849537		43.75		20.31
660.9918981		44		20.31
662.1053241		44.25		20.31
663.2060185		44		20.31
664.3125		44.75		20.31
665.4236111		44		20.31
666.5347222		44		20.31
667.6458333		44.25		20.37
668.7569444		44.25		20.25
669.90625		44.5		20.25
671.0034722		44.5		20.31
672.1122685		44.5		20.25
673.2222222		44.25		20.25
674.3333333		44.75		20.25
675.4444444		44.25		20.25
676.5486111		44.5		20.25
677.6898148		45		20.25
678.7928241		44.5		20.25
679.9027778		44.75		20.25
681.0138889		45		20.25
682.1203704		45		20.25
683.2314815		45		20.25
684.3877315		45		20.25
685.4988426		45		20.25
686.6099537		45		20.25
687.7210648		45		20.25
688.8333333		44.75		20.25
689.9444444		44.75		20.25
691.0555556		44.75		20.25
692.162037		45.25		20.25
693.2743056		44.75		20.25
694.3854167		45.5		20.25
695.4965278		45		20.25
696.6076389		45.25		20.19
697.7210648		45.25		20.25
698.8252315		45.25		20.25
699.9398148		45.25		20.25
701.0671296		45.5		20.19
702.1944444		45		20.25
703.3055556		45.5		20.25
704.4166667		45.5		20.25
705.5266204		45.5		20.19
706.6377315		45.75		20.19
707.7361111		46		20.19
708.8819444		45.75		20.25
709.9872685		45.75		20.19
711.0925926		45.75		20.19
712.2118056		45.75		20.25
713.3217593		45.75		20.19
714.431713		45.75		20.19
715.537037		45.75		20.19
716.6469907		46.25		20.25
717.7858796		45.75		20.19
718.8900463		45.75		20.19
720.0046296		45.75		20.12
721.1099537		46		20.19
722.2210648		46.25		20.19
723.3634259		46.5		20.19
724.4699074		46.25		20.12
725.5798611		45.75		20.19
726.6851852		46.5		20.19
727.7962963		46.25		20.19
728.9050926		46.25		20.19
730.0115741		46		20.12
731.1296296		46.5		20.19
732.2650463		46.25		20.12
733.3865741		46.5		20.12
734.4756944		46.5		20.19
735.5983796		46.5		20.12
736.7280093		46.25		20.19
737.8148148		46.5		20.19
738.9340278		46.75		20.19
740.0486111		46.75		20.12
741.1481481		46.5		20.12
742.2962963		46.5		20.12
743.3993056		46.75		20.19
744.5069444		46.5		20.12
745.6238426		46.25		20.12
746.7164352		46.75		20.12
747.8506944		46.75		20.12
748.9618056		47		20.12
750.0729167		47.5		20.19
751.1678241		46.5		20.12
752.3252315		47		20.12
753.4363426		47		20.12
754.5474537		46.75		20.19
755.6585648		46.5		20.12
756.8159722		47.25		20.12
757.9270833		47.25		20.12
759.0578704		46.75		20.12
760.2418981		47.5		20.12
761.3946759		47		20.19
762.505787		47.5		20.12
763.6099537		47.25		20.12
764.7418981		47.75		20.19
765.8472222		47.5		20.12
766.9664352		47.25		20.19
768.0775463		47.5		20.12
769.1886574		47.5		20.19
770.2997685		47.25		20.12
771.4189815		47.75		20.12
772.5081019		47.75		20.12
773.65625		47.5		20.12
774.7673611		48		20.12
775.8668981		47.75		20.12
777		47.75		20.19
778.1354167		48.25		20.06
779.2349537		48		20.12
780.369213		48		20.12
781.4803241		48.25		20.12
782.5914352		48.25		20.12
783.7025463		48		20.12
784.8136574		48.25		20.12
785.9247685		48		20.06
787.1226852		48.5		20.12
788.2326389		48.75		20.06
789.3333333		48.75		20.12
790.4791667		48.75		20.06
791.5902778		48.5		20.06
792.7013889		48.75		20.06
793.8125		48.75		20.06
794.9236111		49		20.12
796.0347222		48.75		19.44
797.1458333		48.75		20.06
798.2858796		48.75		20.06
799.3912037		49		20.12
800.5023148		48.75		19.37
801.6134259		48.5		20.06
802.8171296		49		20.12
803.974537		48.75		19.44
805.0706019		48.75		20.06
806.349537		49.25		20.06
807.5069444		49		19.44
808.6122685		49.25		19.56
809.7696759		49.5		19.5
810.880787		49.5		19.56
811.9918981		49.5		19.5
813.1030093		49.5		19.5
814.2141204		49.25		19.5
815.3715278		49.5		19.44
816.5289352		49.75		19.44
817.6400463		49.25		19.44
818.9826389		49.75		19.44
820.1331019		49.75		19.5
821.2361111		49.5		19.56
822.3472222		50		19.56
823.5497685		49.25		19.69
824.6608796		49.5		19.75
825.8645833		49.75		19.81
826.9756944		49.25		19.94
828.318287		49.75		20
829.4756944		49.25		20.06
830.7719907		49.75		20.19
831.9756944		49.25		20.25
833.0868056		49.5		20.37
834.2291667		48.5		20.44
836.7627315		49.75		21
838.1875		48.75		20.75
839.2986111		48.75		21.31
840.4097222		48.5		21.44
841.5104167		48.25		21.5
842.6122685		47.5		21.56
843.7650463		46.75		21.62
844.8703704		46.5		21.69
845.9814815		45.75		21.75
847.0925926		45		21.81
848.2037037		44.75		21.87
849.3148148		44.75		21.94
850.4259259		44.25		21.94
851.5625		44.75		22
852.6736111		44.25		22
853.7824074		43.75		22.06
854.8935185		44.25		22.06
856.0046296		43.75		22.12
857.1099537		44		22.06
858.2210648		44		22.06
859.3321759		43.5		22.12
860.443287		43.25		22.19
861.5543981		43.75		22.19
862.6990741		43.25		22.19
863.8101852		43.5		22.19
864.9212963		43.25		22.19
866.0324074		43.5		22.25
867.1435185		43		22.25
868.2546296		43.25		22.19
869.3518519		43.25		22.25
870.4606481		43		22.25
871.6064815		43		22.25
872.7164352		43.5		22.25
873.8275463		43.5		22.25
874.9386574		43.75		22.25
876.0497685		43		22.25
877.1608796		43.5		22.25
878.2719907		43.5		22.25
879.3831019		43.75		22.25
880.5150463		43.5		22.25
881.6273148		44		22.25
882.7337963		44		22.25
883.8414352		44		22.25
884.9502315		44		22.25
886.0532407		44.25		22.25
887.1956019		44		22.25
888.3043981		43.75		22.25
889.4108796		44.25		22.25
890.5208333		44.25		22.25
891.6215278		44.5		22.25
892.7615741		44		22.25
893.869213		44.5		22.25
894.9710648		44.25		22.25
896.0810185		44.5		22.25
897.2280093		44.25		22.25
898.3043981		44.5		22.19
899.4502315		44.5		22.19
900.5601852		45		22.19
901.6608796		44.75		22.25
902.7650463		44.75		22.19
903.9027778		44.75		22.19
905.0127315		44.75		22.25
906.1215278		45		22.19
907.2314815		44.75		22.19
908.3344907		45.25		22.19
909.4814815		45.5		22.19
910.5613426		44.75		22.12
911.693287		45.5		22.19
912.8043981		45.5		22.19
913.8993056		45.5		22.19
915.0104167		45		22.19
916.1678241		45.5		22.12
917.2326389		45.75		22.12
918.3900463		45.75		22.19
919.5011574		45.75		22.12
920.6053241		45.75		22.12
921.7164352		45.75		22.06
922.8275463		45.5		22.12
923.9305556		46		22.12
925.0416667		45.5		22.12
926.1527778		46.25		22.12
927.2638889		46		22.12
928.375		46.25		22.12
929.4861111		46		22.12
930.6435185		46		22.06
931.7546296		46.25		22.06
932.8657407		46.25		22.06
933.9756944		46.75		22.06
935.0868056		46.5		22.06
936.1979167		46.75		22.06
937.3020833		46.25		22
938.4131944		46.75		22
939.5243056		47		22
940.6354167		47		22
941.7407407		47.25		22
942.8958333		46.75		22
944.0069444		47		22
945.1180556		47		22
946.2280093		46.75		22
947.3391204		47		21.94
948.4502315		47		21.94
949.5613426		47.25		22
950.6724537		47.25		22
951.7835648		47		22
952.8946759		47		21.94
954.005787		47.25		21.94
955.1168981		47.25		21.94
956.2534722		47.25		21.94
957.3645833		47.25		21.94
958.4756944		47.75		21.87
959.5856481		47.5		21.87
960.6967593		47.25		21.87
961.8078704		47.25		21.87
962.9189815		47.5		21.87
964.0219907		47.5		21.87
965.1793981		48		21.81
966.2905093		47.75		21.87
967.4016204		48		21.87
968.5127315		47.5		21.87
969.6238426		47.75		21.81
970.7349537		47.5		21.81
971.8634259		48		21.81
972.974537		47.75		21.81
974.0856481		48		21.81
975.1967593		48		21.81
976.306713		48		21.81
977.3969907		48		21.81
978.5034722		48.25		21.81
979.6631944		48.5		21.75
980.7743056		48.5		21.75
981.8854167		48.5		21.75
982.9953704		48.25		21.75
984.09375		48.5		21.75
985.2048611		48.75		21.75
986.3159722		48.75		21.75
987.4571759		48.75		21.75
988.568287		49		21.75
989.6793981		48.75		21.12
990.7905093		48.75		21.75
992.0405093		49.25		21.75
993.1979167		49		21.06
994.3090278		49		21.19
995.4282407		49.25		21.19
996.5393519		49		21.25
997.650463		49.25		21.25
998.75		49.25		21.31
999.8611111		49		21.37
1001.011574		49.25		21.44
1002.118056		49.25		21.5
1003.229167		49.5		21.56
1004.386574		49.5		21.69
1005.482639		49.5		21.87
1006.640046		49.75		22.06
1007.751157		48.75		22.31
1009.6875		49.75		23
1010.983796		49.75		22.94
1012.094907		50		23.19
1013.25		49.5		23.31
1014.346065		49.5		23.5
1015.503472		49.75		23.69
1016.66088		49.5		23.87
1017.758102		49.25		24
1018.871528		48.75		24.25
1019.982639		48.75		24.94
1021.092593		49		25.12
1022.203704		48.75		24.81
1023.314815		48.25		25.5
1024.429398		48.25		25.69
1025.532407		48		25.87
1026.643519		47.75		26.06
1027.800926		47.75		26.19
1028.912037		47		26.31
1029.994213		46.75		26.5
1031.104167		46.75		26.56
1032.215278		46		26.69
1033.326389		46.25		26.75
1034.483796		46		26.81
1035.594907		45.75		26.94
1036.706019		45.75		26.94
1037.81713		46		27
1038.928241		45.75		27.06
1040.032407		45.5		27.12
1041.143519		45.5		27.12
1042.25463		45.5		27.19
1043.365741		46		27.19
1044.475694		45.5		27.25
1045.586806		45.5		27.25
1046.697917		45.25		27.25
1047.809028		45.5		27.25
1048.920139		45.25		27.25
1050.077546		45		27.31
1051.175926		45.25		27.31
1052.287037		45.25		27.31
1053.388889		45.25		27.31
1054.5		44.75		27.37
1055.611111		44.75		27.37
1056.722222		44.75		27.31
1057.835648		45		27.31
1058.946759		45		27.31
1060.05787		45.25		27.31
1061.215278		45.25		27.31
1062.306713		44.75		27.31
1063.417824		45.5		27.31
1064.528935		45.5		27.37
1065.635417		45.5		27.31
1066.746528		45.25		27.31
1067.857639		45.75		27.25
1068.96875		45.75		27.31
1070.126157		46		27.25
1071.237269		46		27.31
1072.34838		46		27.25
1073.459491		46.25		27.25
1074.569444		46		27.25
1075.680556		46		27.25
1076.791667		46.25		27.25
1077.902778		46.25		27.19
1079.013889		46.5		27.19
1080.125		46		27.19
1081.236111		46.75		27.19
1082.347222		46.25		27.12
1083.458333		46.25		27.12
1084.569444		46.5		27.12
1085.679398		46.75		27.06
1086.824074		46.75		27.12
1087.935185		46.75		27.06
1089.032407		46.75		27.06
1090.136574		47		27
1091.258102		47.25		27
1092.37037		47.25		27
1093.481481		47		27
1094.592593		47.25		26.94
1095.703704		47.25		26.94
1096.861111		47.25		26.87
1097.972222		47		26.87
1099.083333		47.5		26.81
1100.194444		47.75		26.87
1101.304398		47.75		26.81
1102.415509		47.75		26.81
1103.52662		47.5		26.81
1104.637731		47.75		26.75
1105.75		47.75		26.75
1106.861111		47.75		26.69
1107.972222		47.5		26.69
1109.083333		47.5		26.69
1110.373843		48.25		26.69
1111.53125		48		26.69
1112.641204		48		26.62
1113.752315		48		26.62
1114.863426		48.25		26.62
1115.974537		47.5		26.56
1117.548611		48.5		26.56
1118.778935		48.25		26.5
1119.890046		48.5		26.5
1121.001157		48.5		26.5
1122.108796		48.5		26.44
1123.219907		48.25		26.44
1124.350694		48.5		26.44
1125.451389		48.5		26.44
1126.5625		48.75		26.37
1127.673611		49		26.37
1128.831019		49		25.75
1129.94213		48		25.87
1131.099537		48.5		26.25
1132.210648		48.75		26.37
1133.321759		48.75		26.44
1134.571759		49.25		26.44
1135.721065		48.75		25.94
1136.864583		49		26.56
1137.975694		49.25		26.12
1139.131944		49.5		26.19
1140.243056		49		26.31
1141.354167		49		26.37
1142.650463		49.5		26.5
1143.80787		49.5		26.62
1144.965278		49.75		26.75
1146.076389		49.5		26.94
1147.1875		49.5		27.06
1148.298611		49.5		27.25
1149.409722		49.5		27.44
1150.519676		49.25		27.56
1151.664352		49.25		27.81
1152.777778		49.25		28
1153.872685		49.25		28.25
1154.974537		49.25		28.44
1156.131944		48.75		28.62
1157.243056		49		29.31
1158.354167		48.25		28.94
1159.510417		48.75		29.75
1160.658565		48.5		29.94
1161.761574		48.25		30.06
1162.872685		48.25		30.25
1164.030093		48		30.44
1165.141204		47.75		30.56
1166.252315		47.25		30.69
1167.363426		47.25		30.75
1168.474537		46.5		30.81
1169.584491		47		30.94
1170.695602		46.5		31
1171.806713		46.5		31.06
1172.917824		46.5		31.12
1174.028935		46.5		31.19
1175.140046		46.5		31.25
1176.251157		46.5		31.31
1177.362269		46.75		31.31
1178.510417		45.75		31.37
1179.760417		46.75		31.37
1180.917824		46.25		31.44
1182.012731		46.5		31.44
1183.122685		46.5		31.5
1184.219907		46.25		31.5
1185.331019		46.25		31.5
1186.488426		45.75		31.5
1187.599537		46		31.5
1188.696759		45.75		31.5
1189.798611		45.75		31.56
1190.909722		45.75		31.5
1192.020833		45.25		31.5
1193.262731		46.25		31.5
1194.364583		46.25		31.5
1195.490741		45.5		31.44
1196.601852		46.25		31.5
1197.697917		46		31.5
1198.811343		46.5		31.44
1199.922454		46.25		31.44
1201.079861		47		31.44
1202.190972		47		31.44
1203.302083		46.5		31.37
1204.450231		46.75		31.37
1205.546296		47		31.37
1206.65162		47.5		31.31
1207.78125		47		31.31
1208.90625		47.25		31.31
1209.989583		47.75		31.25
1211.100694		47.25		31.25
1212.255787		47.5		31.19
1213.356481		47.5		31.19
1214.466435		47.5		31.19
1215.594907		47.75		31.12
1216.672454		47.75		31.12
1217.818287		47.5		31.06
1218.928241		47.75		31
1220.039352		48		31
1221.196759		48.5		31
1222.354167		48		30.94
1223.498843		48.5		30.94
1224.609954		48.75		30.94
1225.753472		48.25		30.87
1226.840278		48.5		30.87
1227.961806		48.75		30.81
1229.077546		49		30.75
1230.188657		49		30.06
1231.292824		48.75		30.25
1232.405093		48.75		30.69
1233.550926		48.5		30.69
1234.986111		49.25		30.69
1236.188657		49.5		30.06
1237.346065		49.25		30.25
1238.457176		49.25		30.31
1239.568287		49.25		30.44
1240.679398		49.25		30.5
1242.015046		49.75		30.62
1243.165509		49.75		30.75
1244.271991		49.5		30.81
1245.383102		50		30.94
1246.494213		50		31.06
1247.605324		49.75		31.25
1248.716435		49.5		31.37
1249.912037		49.75		31.56
1251.023148		49.5		31.75
1252.134259		49.5		31.81
1253.24537		49.5		32
1254.356481		49.5		32.19
1255.467593		49.5		32.38
1256.625		49.75		32.5
1257.782407		49.5		32.63
1258.893519		49.5		32.81
1260.003472		49		32.94
1261.299769		49.5		33.13
1262.457176		49		33.25
1263.568287		49		33.44
1264.679398		48.5		33.56
1265.770833		48.5		34.25
1266.928241		48		34.38
1268.033565		48		34.5
1269.134259		47		34.63
1270.24537		47.5		34.69
1271.353009		47.5		34.81
1272.454861		47		34.88
1273.565972		47.25		34.94
1274.710648		46.5		35
1275.821759		47		35.13
1276.914352		46.5		35.13
1278.025463		46.25		35.19
1279.136574		46.5		35.19
1280.287037		46.25		35.25
1281.398148		46.25		35.25
1282.509259		46.5		35.31
1283.62037		46.75		35.31
1284.730324		46.25		35.31
1285.887731		47		35.31
1286.998843		46.75		35.31
1288.109954		46.25		35.31
1289.221065		46.75		35.25
1290.349537		46.75		35.25
1291.453704		46.5		35.31
1292.564815		46.5		35.25
1293.675926		46.75		35.25
1294.787037		46.5		35.25
1295.898148		46.75		35.19
1297.008102		47		35.19
1298.119213		46.75		35.13
1299.267361		46.75		35.13
1300.378472		47		35.06
1301.489583		46.5		35.06
1302.59838		47		35
1303.690972		46.25		34.94
1304.793981		46.25		34.94
1305.950231		47		34.88
1307.061343		46.75		34.88
1308.172454		46.75		34.81
1309.329861		47		34.75
1310.439815		47		34.69
1311.550926		46.75		34.63
1312.662037		47.25		34.63
1313.773148		47		34.63
1314.884259		47.25		34.56
1315.997685		47.5		34.56
1317.108796		48		34.5
1318.219907		47.75		34.44
1319.331019		47.5		34.44
1320.440972		47.5		34.38
1321.739583		48.25		34.38
1322.896991		48		34.31
1324.008102		47.5		34.31
1325.53588		48.5		34.25
1326.784722		48.25		34.25
1327.890046		48.25		34.19
1329.081019		48.75		34.13
1330.1875		48.75		34.06
1331.298611		49		34
1332.436343		48.5		33.31
1333.547454		48.75		33.94
1334.790509		49.25		33.94
1335.951389		49.25		33.25
1337.0625		49		33.31
1338.172454		48.75		33.31
1339.31713		48.75		33.81
1340.56713		49.25		33.88
1341.724537		49.25		33.44
1342.828704		49		33.5
1344.37963		49.75		33.56
1345.493056		50		33.69
1346.605324		49.75		33.81
1347.75		49.75		33.88
1348.865741		50		34
1349.957176		50		34.13
1351.068287		50.5		34.25
1352.271991		49.75		34.38
1353.383102		49.25		34.5
1354.532407		49.5		34.63
1355.689815		49.75		34.75
1356.800926		49.25		34.94
1358.143519		49.75		35.06
1359.300926		49.5		35.25
1360.412037		49.25		35.38
1361.523148		49		35.5
1362.671296		49		35.63
1363.782407		48.25		35.75
1364.891204		48.25		36.38
1366.002315		48		36.56
1367.113426		48		36.63
1368.224537		48		36.75
1369.335648		48		36.81
1370.446759		47.25		36.88
1371.556713		47.5		36.94
1372.659722		47.25		37
1373.770833		47.75		37.06
1374.922454		47.5		37.13
1376.032407		47		37.19
1377.148148		47.5		37.19
1378.259259		47.25		37.25
1379.344907		47.5		37.25
1380.454861		47		37.31
1381.612269		47.25		37.31
1382.72338		47.75		37.31
1383.834491		47.5		37.31
1384.945602		47.5		37.31
1386.056713		47		37.31
1387.167824		47.5		37.31
1388.278935		48		37.31
1389.390046		47.75		37.25
1390.497685		47.5		37.25
1391.600694		47.75		37.19
1392.75		47.5		37.19
1393.863426		47.25		37.19
1394.947917		47.25		37.13
1396.059028		47.75		37.13
1397.170139		48		37.06
1398.327546		48		37
1399.428241		48		37
1400.556713		47.75		36.94
1401.667824		47.75		36.94
1402.799769		47.5		36.88
1403.863426		47.75		36.81
1405.206019		48.5		36.75
1406.377315		47.75		36.75
1407.484954		48		36.69
1408.587963		48		36.63
1409.699074		47.75		36.63
1411.03125		48.5		36.56
1412.234954		47.75		36.5
1413.565972		48.5		36.44
1414.72338		48.5		36.44
1415.834491		48.5		36.38
1416.93287		48.25		36.31
1418.364583		49		36.25
1419.53588		48.5		35.5
1420.982639		49.25		36.13
1422.172454		49		35.56
1423.462963		49.5		35.5
1424.716435		49.75		35.5
1425.826389		49.5		35.56
1426.9375		49.5		35.63
1428.048611		50		35.69
1429.158565		50.25		35.75
1430.261574		50		35.81
1431.372685		49.75		35.94
1432.483796		50.25		36
1433.678241		49.5		36.13
1434.789352		50.5		36.25
1436.131944		49.75		36.38
1437.243056		49.75		36.5
1438.400463		49.75		36.63
1439.46412		50.25		36.75
1440.667824		49.5		36.88
1441.775463		50		37
1442.979167		49.75		37.13
1444.090278		49.75		37.31
1445.201389		49.75		37.38
1446.3125		49.5		37.56
1447.41088		49.5		37.63
1448.513889		49.25		37.75
1449.625		49.25		37.81
1450.729167		49.25		37.94
1451.87963		49		38.06
1452.988426		49		38.19
1454.09838		48.75		38.25
1455.196759		48.5		38.88
1456.30787		48.5		39
1457.418981		48.25		39.06
1458.570602		48.25		39.13
1459.681713		48.25		39.25
1460.792824		47.75		39.31
1461.902778		48		39.38
1463.013889		47.75		39.38
1464.125		47.75		39.44
1465.236111		47.5		39.5
1466.347222		47.25		39.5
1467.458333		47.5		39.5
1468.569444		47.25		39.5
1469.680556		47.25		39.5
1470.791667		47.25		39.5
1471.902778		47.25		39.5
1473.012731		47.5		39.5
1474.123843		47.5		39.44
1475.234954		47		39.44
1476.383102		47.25		39.44
1477.478009		47.5		39.38
1478.58912		47.5		39.38
1479.700231		47.5		39.31
1480.811343		47.75		39.31
1481.922454		47		39.25
1483.398148		48		39.19
1484.594907		48		39.13
1485.694444		47.5		39.06
1486.805556		48		39.06
1487.916667		48		39
1489.065972		48		38.94
1490.177083		48		38.88
1491.288194		47.75		38.81
1492.399306		48		38.75
1493.509259		47.5		38.75
1494.62037		48		38.69
1495.731481		47.5		38.63
1497.019676		48.25		38.56
1498.177083		47.75		38.5
1499.334491		48		38.44
1500.445602		48		38.38
1501.603009		48.5		38.38
1502.71412		48.5		38.25
1503.825231		48.25		38.25
1504.936343		48.5		38.19
1506.047454		48.5		38.13
1507.158565		48.75		38.06
1508.268519		48.75		38
1509.564815		49.25		37.94
1510.675926		49		37.25
1511.833333		49.25		37.31
1512.94213		49.5		37.31
1514.053241		49.25		37.25
1515.195602		50.25		37.31
1516.305556		50.25		37.31
1517.416667		49.75		37.38
1518.527778		50.25		37.5
1519.633102		50.5		37.56
1520.744213		50.5		37.63
1521.849537		50		37.75
1522.960648		50.25		37.81
1524.071759		50.25		37.94
1525.18287		50.25		38.06
1526.282407		50.25		38.19
1527.393519		49.75		38.31
1528.50463		50		38.38
1529.615741		50		38.5
1530.726852		49.75		38.63
1531.884259		49.75		38.75
1532.99537		49.5		38.81
1534.106481		49		38.94
1535.217593		49		39
1536.476852		49.5		39.13
1537.664352		48.75		39.19
1538.914352		49.25		39.81
1540.071759		49		39.44
1541.184028		49		39.5
1542.295139		49		39.56
1543.393519		48.5		39.63
1544.50463		48.5		40.19
1545.75463		49		40.31
1546.868056		48.5		39.81
1548.008102		48.25		40.44
1549.119213		47.75		40.5
1550.230324		48.25		40.56
1551.387731		47.75		40.56
1552.498843		48.25		40.63
1553.655093		47.75		40.63
1554.760417		47.75		40.69
1555.864583		48		40.69
1556.962963		48		40.69
1558.070602		47.5		40.69
1559.186343		48		40.63
1560.297454		47.75		40.63
1561.454861		47.5		40.63
1562.564815		47.75		40.56
1563.675926		48.25		40.56
1564.787037		47.75		40.56
1566.118056		48.5		40.5
1567.321759		48.25		40.5
1568.43287		48.25		40.44
1569.542824		48.5		40.38
1570.653935		48.5		40.38
1571.765046		48.5		40.31
1572.878472		48.5		40.25
1573.989583		48.5		40.19
1575.078704		48.5		40.13
1576.206019		48.75		40.06
1577.318287		48.75		40
1578.420139		48.75		39.94
1579.568287		48.25		39.88
1580.665509		48.25		39.88
1581.798611		48.5		39.75
1582.871528		48.5		39.75
1583.982639		48.5		39.69
1585.215278		49		39.63
1586.359954		48.5		39
1587.501157		48		39.5
1588.678241		48.5		39.44
1589.783565		48.75		39.38
1590.894676		49		39.31
1591.998843		49		38.69
1593.101852		49		38.75
1594.259259		49.25		38.69
1595.369213		49.25		38.69
1596.480324		49		38.75
1598.008102		49.75		38.81
1599.258102		49.75		38.81
1600.363426		49.5		38.94
1601.467593		50.5		39
1602.578704		50.25		39.06
1603.677083		50.25		39.19
1604.788194		50.5		39.25
1605.898148		50.25		39.31
1607.03588		50		39.44
1608.148148		50.5		39.5
1609.259259		50		39.63
1610.369213		50		39.63
1611.480324		49.75		39.75
1612.591435		49.75		39.88
1613.702546		49.75		39.94
1614.813657		49.5		40
1615.924769		49.5		40.13
1617.03588		49.25		40.19
1618.149306		49		40.25
1619.258102		49.25		40.31
1620.369213		49.25		40.44
1621.480324		48.75		40.5
1622.591435		48.75		41.06
1623.748843		48.5		41.13
1624.859954		48		41.19
1625.971065		48.25		41.31
1627.128472		48.75		41.31
1628.289352		48.5		41.31
1629.400463		48.5		41.38
1630.510417		47.75		41.38
1631.667824		48.25		41.38
1632.759259		48.25		41.44
1633.905093		48.5		41.44
1635.016204		48.25		41.44
1636.127315		48.5		41.44
1637.238426		48.25		41.44
1638.349537		48.25		41.38
1639.460648		48		41.38
1640.616898		48.5		41.38
1641.728009		48.5		41.31
1642.866898		48.25		41.31
1643.978009		48.25		41.25
1645.08912		48.5		41.25
1646.199074		48.5		41.19
1647.310185		48.75		41.13
1648.421296		48.5		41.06
1649.532407		48.75		41.06
1650.643519		48.5		41
1651.75463		48.75		41
1652.865741		48.5		40.94
1653.976852		48.75		40.88
1655.127315		48.75		40.81
1656.238426		48.75		40.75
1657.349537		48		40.69
1658.506944		48.5		40.69
1659.616898		48.75		40.63
1660.774306		48.75		40.56
1661.885417		48.75		40.5
1662.986111		49		40.44
1664.100694		49.25		39.75
1665.215278		49.25		39.81
1666.326389		49.25		39.75
1667.425926		49.25		39.75
1668.572917		49.25		39.75
1669.668981		49.25		39.75
1670.967593		49.75		39.75
1672.170139		49.75		39.81
1673.28125		49.25		39.88
1674.392361		50.25		39.94
1675.503472		50.25		40
1676.614583		50.25		40.06
1677.725694		50.25		40.13
1678.836806		50.5		40.19
1679.947917		50		40.25
1681.059028		50.5		40.38
1682.170139		50		40.44
1683.271991		50.25		40.56
1684.383102		50		40.63
1685.494213		50.5		40.69
1686.696759		49.75		40.75
1687.80787		49.75		40.88
1688.915509		49.25		40.94
1690.258102		49.75		41
1691.415509		49.5		41.06
1692.52662		49.25		41.19
1693.671296		49.5		41.25
1694.814815		49.25		41.31
1695.925926		48.75		41.38
1697.027778		49		42
1698.138889		49.25		41.56
1699.25		49		41.63
1700.361111		48.75		41.63
1701.472222		48.75		42.19
1702.623843		49		42.25
1703.734954		48.5		41.63
1704.846065		48.75		42.31
1705.935185		48.5		42.38
1707.046296		48.25		42.44
1708.152778		48		42.44
1709.263889		48.25		42.44
1710.399306		48.25		42.44
1711.510417		48.25		42.44
1712.621528		48.25		42.5
1713.732639		48		42.44
1715.121528		48.75		42.44
1716.278935		48.25		42.44
1717.390046		48		42.38
1718.59375		48.5		42.31
1719.707176		48		42.31
1720.859954		48.5		42.31
1721.991898		48.5		42.25
1723.103009		48.75		42.19
1724.195602		48		42.13
1725.399306		48.5		42.13
1726.603009		49		42.06
1727.765046		48.75		41.38
1728.859954		48.25		41.94
1730.295139		49		41.88
1731.498843		48.75		41.31
1732.563657		48.5		41.75
1734.043981		49.25		41.69
1735.247685		48.25		41.19
1736.636574		49		41.69
1737.840278		48.75		41.19
1738.950231		48.5		41.69
1740.421296		49.25		41.69
1741.616898		49.25		41.13
1742.728009		49.25		41.19
1743.83912		49.25		41.25
1744.950231		49.25		41.25
1746.061343		49		41.31
1747.357639		49.5		41.31
1748.513889		49.25		41.31
1749.671296		49.5		41.38
1750.828704		49.75		41.44
1751.939815		49.5		41.5
1753.125		49.75		41.56
1754.233796		49.75		41.63
1755.344907		50		41.69
1756.486111		49.5		41.75
1757.672454		49.75		41.81
1758.783565		49.5		41.88
1759.947917		49.75		41.94
1761.059028		49.5		42
1762.204861		49.25		42.06
1763.315972		49.25		42.13
1764.427083		49.5		42.19
1765.538194		49.5		42.19
1766.678241		49.5		42.25
1767.789352		48.5		42.38
1768.900463		48.75		42.88
1770.024306		48.75		42.94
1771.131944		48.25		43
1772.520833		49		43
1773.724537		49		42.5
1774.835648		48.75		42.56
1775.946759		48.75		43.06
1777.045139		48.75		43.06
1778.15625		48.75		43.06
1779.313657		48.75		43.06
1780.423611		49		43.06
1781.534722		49		42.56
1782.645833		48.5		42.56
1783.758102		48.75		43.06
1784.869213		49		43.06
1785.980324		48.75		42.5
1787.092593		48.5		43.06
1788.527778		49.25		43.13
1789.724537		49		42.44
1790.829861		48.75		42.63
1791.980324		49		43.13
1793.087963		48.5		42.5
1794.188657		48.75		43.13
1795.299769		48.75		43.13
1796.548611		49.25		43.13
1797.706019		48.75		42.56
1798.956019		49.25		43.13
1800.113426		49.25		42.5
1801.224537		49.25		42.63
1802.381944		49.5		42.69
1803.493056		49.5		42.63
1804.604167		49.5		42.69
1805.715278		49.25		42.69
1806.826389		49		42.69
1807.936343		49		42.69
1809.047454		49.25		42.75
1810.204861		49.5		42.75
1811.394676		49.75		42.81
1812.505787		49.25		42.81
1813.645833		49.5		42.88
1814.752315		49.5		42.94
1815.863426		49		43
1817.010417		49.25		43
1818.121528		49.5		43
1819.232639		49.25		43.06
1820.34375		49.25		43.13
1821.454861		48.75		43.19
1822.612269		48.75		43.69
1823.861111		49.25		43.75
1825.017361		48.75		43.25
1826.128472		48.75		43.81
1827.239583		48.5		43.88
1828.350694		48.5		43.88
1829.461806		48.75		43.88
1830.553241		48.5		43.88
1831.664352		48.5		43.88
1832.775463		48.5		43.88
1833.886574		48.5		43.88
1835.042824		48.5		43.88
1836.153935		48.5		43.81
1837.25		48.25		43.81
1838.366898		48		43.81
1839.755787		48.75		43.81
1840.902778		48.5		43.75
1842.145833		49		43.69
1843.256944		48.75		43
1844.396991		48.75		43.63
1845.508102		48.75		43.56
1846.618056		49		43.5
1847.712963		49		42.94
1848.850694		49		42.94
1849.961806		48.75		42.94
1851.072917		49		43.38
1852.173611		48.75		42.75
1854.118056		49.75		43.38
1855.414352		49.5		42.88
1856.524306		49.25		42.88
1857.635417		49.5		42.88
1858.746528		48.75		42.88
1860.042824		49.25		43.38
1861.200231		49.5		42.88
1862.300926		49.5		42.88
1863.412037		49.25		42.88
1864.569444		49.5		42.88
1865.680556		49.25		42.94
1866.837963		49.5		42.94
1867.949074		49.5		43
1869.060185		49.5		43
1870.171296		49		43.06
1871.28125		49.25		43.06
1872.392361		49		43.06
1873.503472		49.25		43.13
1874.609954		49.25		43.19
1875.767361		49.5		43.19
1876.878472		49.25		43.19
1878.019676		49.25		43.25
1879.130787		48.75		43.31
1880.241898		48.75		43.88
1881.353009		48.75		43.88
1882.457176		48.5		43.88
1883.549769		48.75		43.94
1884.694444		48.75		43.94
1885.77662		48.5		43.94
1886.934028		48.75		43.94
1888.045139		48.5		43.94
1889.15625		48.5		43.94
1890.267361		48.5		43.88
1891.377315		48.5		43.88
1892.488426		48.75		43.81
1893.599537		48.5		43.81
1894.710648		48.5		43.75
1895.821759		48.75		43.75
1896.93287		48.5		43.63
1898.03588		48.25		43.63
1899.145833		48.5		43.63
1900.256944		48.75		43.5
1901.390046		48.75		43.44
1902.501157		48.75		43.44
1903.612269		49		43.38
1904.708333		49		42.69
1905.865741		49		42.75
1906.976852		48.75		42.69
1908.211806		49.25		43.13
1909.369213		49.5		42.44
1910.52662		49.25		42.63
1911.636574		49.5		42.63
1912.837963		49.75		42.63
1913.949074		49.5		42.63
1915.059028		49.25		42.63
1916.216435		49.5		42.63
1917.3125		49.25		42.69
1918.469907		49.5		42.69
1919.627315		49.75		42.75
1920.777778		49.75		42.75
1921.888889		49.5		42.81
1923		49.5		42.81
1924.111111		49		42.88
1925.21412		49		42.88
1926.510417		49.5		42.94
1927.667824		49.25		43
1928.777778		49.5		43
1929.935185		49.25		43.06
1931.046296		49		43.13
1932.157407		49		43.13
1933.268519		49		43.19
1934.376157		49		43.19
1935.487269		48.75		43.25
1936.597222		48.5		43.81
1937.837963		49		43.81
