0		18.5		19.94
1.66087963		18.75		19.94
2.763888889		18.5		19.94
3.900462963		18.75		19.94
5.003472222		17.75		19.94
6.100694444		18		19.94
7.244212963		18.25		19.94
8.346064815		18.75		20
9.447916667		18.5		19.94
10.58912037		18.75		19.94
11.69675926		18.25		19.94
12.80439815		18.5		19.94
13.90740741		18.5		19.94
15.00925926		17.75		19.94
16.14814815		18.75		19.94
17.25		18.5		19.94
18.38425926		18.25		20
19.4849537		19		19.94
20.59375		18.5		19.94
21.68981481		18.75		19.94
22.83449074		18.75		20
23.94097222		18.25		19.94
25.04166667		19		20
26.14930556		18.75		19.94
27.25462963		19		19.94
28.3912037		18.5		19.94
29.49305556		18.5		19.94
30.63657407		18.5		19.94
31.73958333		18.5		19.94
32.83680556		19		19.94
33.93865741		19		19.94
35.08680556		19		19.94
36.19212963		19.25		19.94
37.29282407		19		19.94
38.43287037		18.75		19.94
39.53935185		19		19.94
40.64351852		18.75		19.87
41.74421296		19		19.94
42.84722222		19.25		19.94
43.99074074		19		19.94
45.09490741		19.25		19.94
46.19791667		19.5		19.94
47.31018519		19.5		19.94
48.45023148		19.75		19.94
49.55092593		19.75		19.94
50.64236111		19.75		19.87
51.77546296		19.75		19.87
52.87268519		20.25		19.87
54.0162037		19.75		19.94
55.11574074		19.5		19.87
56.22106481		20		19.94
57.36574074		19.75		19.87
58.47222222		20		19.94
59.57638889		20.25		19.94
60.67361111		20		19.94
61.81712963		20.25		19.87
62.92013889		20.25		19.94
64.02777778		20.25		19.94
65.13194444		20.5		19.94
66.23958333		20.5		19.94
67.38194444		20.25		19.94
68.4837963		20.25		19.87
69.59375		20.25		19.87
70.69907407		20.5		19.94
71.83680556		20.25		19.94
72.93981481		20.75		19.87
74.0462963		20.75		19.94
75.14930556		21		19.94
76.28935185		20.75		19.94
77.39467593		20.5		19.94
78.51736111		21		19.87
79.62268519		21.25		19.94
80.72453704		21.25		19.94
81.83449074		20.75		19.87
82.97569444		21.25		19.94
84.0787037		21		19.87
85.1875		21.25		19.94
86.2962963		21.25		19.87
87.40393519		21.5		19.94
88.54398148		21		19.94
89.64351852		21		19.94
90.74884259		21.5		19.94
91.85532407		21.5		19.94
92.96759259		21.75		19.94
94.10763889		22		19.94
95.21180556		21.75		19.94
96.31828704		21.5		19.94
97.4224537		22.25		19.94
98.56481481		21.75		19.94
99.67013889		22.25		19.94
100.775463		21.25		19.94
101.8773148		22.25		19.94
103.0243056		22.5		19.94
104.1284722		22.25		20
105.2314815		22.5		19.94
106.3321759		22.5		19.94
107.4780093		22.5		19.94
108.5740741		22.5		19.94
109.6736111		22.75		19.94
110.8148148		22.25		20
111.9201389		22.75		19.94
113.0266204		22.75		19.94
114.1296296		22.5		19.94
115.2731481		22.75		19.94
116.380787		22.75		19.94
117.4837963		22.5		19.94
118.5914352		22.75		19.94
119.6979167		22.5		19.94
120.8402778		23		19.94
121.9444444		22.75		19.94
123.0474537		22.75		19.94
124.1539352		22.5		20
125.2986111		23		19.94
126.4027778		22.25		19.94
127.5138889		23		19.87
128.6203704		23		19.94
129.7268519		23		19.94
130.8645833		23		19.94
131.9699074		23		19.94
133.0752315		23.25		19.94
134.1805556		23		19.87
135.318287		23		19.87
136.4236111		23.5		19.87
137.5266204		23.5		19.87
138.6331019		23.5		19.94
139.7800926		23.5		19.94
140.8854167		23.75		19.94
141.9953704		23.75		19.94
143.1122685		23.5		19.94
144.2222222		23.5		19.94
145.3263889		23.75		19.94
146.4305556		24		19.94
147.5752315		24		19.94
148.6759259		24		19.94
149.775463		23.75		19.94
150.8888889		23.75		19.94
152.0300926		24		19.94
153.1354167		24		19.94
154.2372685		23.75		19.94
155.3402778		24.25		19.94
156.4780093		24		19.94
157.5752315		24		19.94
158.6770833		24		19.94
159.818287		23.75		19.87
160.9212963		24.25		19.94
162.0231481		24		19.87
163.1342593		24.25		19.94
164.2800926		24		19.94
165.3854167		24.25		19.87
166.4930556		24.25		19.94
167.59375		24.5		19.87
168.7361111		24.5		19.87
169.8414352		24		19.94
170.943287		24.5		19.94
172.0821759		24.75		19.87
173.1828704		24.75		19.87
174.2951389		24.75		19.94
175.3958333		24.25		19.87
176.537037		24.5		19.87
177.6446759		24.75		19.81
178.7650463		24.75		19.87
179.8645833		24.5		19.87
180.9768519		24.75		19.87
182.0821759		25		19.87
183.2199074		24.75		19.87
184.3229167		24.5		19.87
185.4351852		25		19.87
186.5428241		25		19.87
187.6458333		24.75		19.87
188.7824074		24.75		19.87
189.8877315		24.75		19.87
190.9837963		24.75		19.87
192.1203704		24.75		19.87
193.2303241		24.75		19.87
194.3263889		24.75		19.87
195.46875		25		19.87
196.5740741		25		19.87
197.6840278		25.25		19.87
198.7893519		25		19.87
199.8946759		25.25		19.87
201.0347222		25.5		19.87
202.1319444		25.25		19.87
203.2719907		25.25		19.87
204.3715278		25.25		19.87
205.4722222		25		19.87
206.6122685		25.5		19.87
207.7083333		25.5		19.81
208.8159722		25		19.87
209.9212963		25.5		19.87
211.0601852		25.75		19.87
212.1631944		25.5		19.87
213.2962963		25		19.87
214.3946759		25.5		19.87
215.4930556		25.75		19.87
216.6365741		25.75		19.87
217.7372685		25.75		19.87
218.8368056		25.75		19.87
219.9768519		26		19.87
221.0868056		26		19.87
222.1909722		25.75		19.87
223.2916667		26		19.81
224.4340278		26.5		19.87
225.5358796		26		19.81
226.6377315		26.25		19.87
227.7372685		26		19.87
228.8738426		26.25		19.87
229.9722222		26		19.81
231.1168981		26.5		19.81
232.2256944		26.5		19.87
233.3298611		26.75		19.81
234.4282407		26.5		19.81
235.5636574		26.5		19.87
236.6678241		26.75		19.87
237.775463		26.75		19.87
238.9131944		26.5		19.87
240.0138889		26.5		19.87
241.119213		26.75		19.81
242.2210648		27		19.81
243.3680556		26.75		19.87
244.4652778		27		19.87
245.5648148		27		19.87
246.7037037		26.75		19.87
247.8032407		26.75		19.81
248.9050926		27		19.81
250.0439815		27.25		19.87
251.1458333		26.75		19.87
252.28125		27.25		19.81
253.3796296		26.75		19.87
254.4803241		27		19.81
255.59375		26.75		19.87
256.7384259		26.75		19.81
257.8402778		27		19.81
258.9421296		27.25		19.87
260.0416667		27.25		19.87
261.1608796		26.5		19.87
262.2858796		26.75		19.87
263.4131944		27		19.87
264.5127315		27		19.81
265.6099537		27.25		19.87
266.7615741		27.5		19.81
267.8622685		27.25		19.87
268.9606481		27.75		19.81
270.0983796		27		19.87
271.2002315		27.25		19.87
272.3055556		27.25		19.81
273.4074074		27.5		19.87
274.5381944		27		19.87
275.65625		27.5		19.87
276.7800926		27.5		19.87
277.8877315		27.5		19.87
278.9895833		28		19.87
280.0925926		28		19.81
281.2291667		27.75		19.81
282.3321759		27.5		19.87
283.4375		27.5		19.87
284.5798611		27.5		19.87
285.6828704		27.5		19.87
286.7893519		27.75		19.87
287.8935185		27.25		19.87
289.037037		27.75		19.87
290.1481481		27.75		19.81
291.2430556		28		19.81
292.3414352		27.75		19.81
293.4814815		28		19.81
294.5833333		28		19.81
295.6886574		27.75		19.81
296.8252315		27.75		19.87
297.9224537		28		19.81
299.0266204		28		19.81
300.1643519		28		19.81
301.2719907		28		19.81
302.3715278		28.25		19.87
303.5115741		28		19.87
304.6134259		27.5		19.81
305.7199074		27.75		19.81
306.8240741		28		19.81
307.9618056		28.5		19.87
309.0625		27.75		19.81
310.1643519		28.25		19.81
311.3078704		28.25		19.81
312.4085648		28.25		19.81
313.5138889		28		19.81
314.6180556		28		19.81
315.7592593		28.25		19.81
316.8599537		28.25		19.81
317.9618056		28		19.81
319.1006944		28		19.81
320.1979167		28.5		19.75
321.3368056		28.25		19.81
322.4386574		28.25		19.81
323.5393519		28.25		19.81
324.6435185		28.75		19.81
325.7847222		28.5		19.81
326.875		28.25		19.81
327.9988426		28.75		19.81
329.1168981		28		19.81
330.2395833		28.5		19.81
331.349537		28		19.81
332.4513889		28.25		19.81
333.5868056		28.75		19.81
334.6875		28.75		19.81
335.7951389		28.5		19.81
336.9027778		28.75		19.81
338.0405093		28.5		19.75
339.1400463		28.75		19.75
340.2430556		28.5		19.81
341.3819444		28.75		19.81
342.4826389		29		19.81
343.5856481		28.75		19.75
344.7303241		29		19.81
345.84375		28.75		19.81
346.9386574		29		19.81
348.0474537		29		19.81
349.1516204		29		19.81
350.3009259		29		19.75
351.4027778		28.5		19.81
352.4988426		29		19.81
353.6064815		28.75		19.75
354.75		29.25		19.81
355.8483796		29		19.81
356.9537037		29.25		19.75
358.0949074		29		19.75
359.2060185		29.25		19.75
360.3136574		29.25		19.75
361.4178241		29.5		19.75
362.5162037		29.25		19.75
363.6539352		29		19.75
364.7511574		29.5		19.75
365.8564815		29.25		19.75
367.0023148		29.25		19.75
368.1018519		29.25		19.81
369.2083333		29.5		19.81
370.3125		29.5		19.75
371.4594907		29.5		19.75
372.5659722		29.5		19.81
373.6666667		29.5		19.75
374.7662037		30		19.81
375.9074074		29.75		19.75
377.0173611		29.25		19.75
378.1215278		29.5		19.81
379.21875		29.5		19.75
380.3611111		30		19.75
381.4722222		29.75		19.75
382.5810185		29.75		19.75
383.6851852		29.75		19.81
384.7916667		29.75		19.75
385.931713		30		19.75
387.0393519		29.75		19.75
388.1377315		30		19.75
389.2465278		30		19.75
390.3842593		30.25		19.75
391.4918981		30		19.75
392.6006944		30		19.75
393.7048611		30		19.75
394.8425926		30.25		19.75
395.9513889		30		19.75
397.0543981		30.25		19.75
398.1608796		30.25		19.75
399.2696759		30.25		19.75
400.4143519		30.25		19.75
401.5185185		30.5		19.75
402.6226852		30		19.69
403.7303241		30.5		19.75
404.8703704		30.5		19.75
405.9837963		30.5		19.75
407.0833333		30.5		19.75
408.1851852		30.75		19.75
409.2928241		30.75		19.75
410.4363426		30.5		19.75
411.5358796		30.25		19.75
412.6412037		30.75		19.69
413.7835648		30.75		19.75
414.8842593		30.5		19.69
415.9837963		30.75		19.75
417.0972222		30.5		19.75
418.2013889		30.25		19.69
419.3425926		30.5		19.75
420.443287		30.75		19.69
421.5451389		31.25		19.69
422.6875		31		19.69
423.7951389		31.25		19.69
424.8981481		31		19.69
426.0127315		31		19.75
427.1284722		31.25		19.75
428.2349537		31		19.75
429.349537		31		19.75
430.4525463		31.25		19.69
431.5960648		31.25		19.75
432.7060185		31.25		19.75
433.8125		31.25		19.69
434.9305556		31.25		19.75
436.0358796		31.25		19.69
437.1365741		31		19.69
438.2800926		31.5		19.69
439.380787		31		19.69
440.4907407		31.5		19.75
441.6273148		31.5		19.69
442.7337963		31		19.69
443.837963		31.25		19.69
444.9386574		31.75		19.75
446.0810185		31.5		19.69
447.1886574		31.5		19.69
448.2951389		31.75		19.75
449.3923611		31.5		19.75
450.5324074		31.5		19.75
451.6412037		31.5		19.75
452.7465278		31.5		19.75
453.8506944		31.25		19.75
454.9884259		31.5		19.75
456.0960648		31.75		19.69
457.193287		32		19.69
458.3078704		31.5		19.69
459.4282407		32		19.69
460.5462963		31.5		19.75
461.662037		31.75		19.69
462.775463		32		19.75
463.8935185		31.75		19.69
465.0069444		32		19.69
466.0902778		32.25		19.69
467.2372685		31.75		19.69
468.349537		32		19.69
469.4641204		31.75		19.75
470.5821759		32.75		19.69
471.6875		31.75		19.69
472.8009259		32.75		19.69
473.9039352		32		19.75
475.0150463		32.25		19.69
476.1203704		32.5		19.69
477.2592593		32.5		19.69
478.3657407		32.75		19.69
479.4733796		32.5		19.69
480.5775463		32.5		19.69
481.6851852		32.5		19.69
482.8252315		32.5		19.69
483.9259259		32.75		19.69
485.0266204		32.5		19.69
486.1435185		32.75		19.62
487.2523148		33		19.69
488.3981481		32.75		19.69
489.5011574		32.75		19.69
490.6076389		32.5		19.69
491.7199074		32.75		19.69
492.8553241		32.5		19.69
493.9583333		32.75		19.69
495.0625		32.25		19.62
496.1701389		32.75		19.69
497.3113426		32.25		19.69
498.4236111		32.5		19.69
499.5243056		32.5		19.69
500.6296296		32.75		19.69
501.7314815		32		19.69
502.8680556		32.5		19.62
503.9756944		32.25		19.69
505.0717593		32.5		19.69
506.2083333		32.5		19.69
507.3206019		32.5		19.62
508.4328704		32.75		19.69
509.5451389		32.75		19.69
510.6516204		32.75		19.69
511.755787		32.25		19.69
512.9027778		32.75		19.69
514.0046296		32.5		19.69
515.1099537		32.25		19.69
516.2141204		32.5		19.69
517.3229167		32.75		19.62
518.4733796		32.5		19.62
519.5729167		32		19.69
520.6793981		32.5		19.69
521.7858796		33		19.69
522.9259259		33		19.62
524.0277778		32.75		19.69
525.1377315		33.25		19.69
526.2361111		32.5		19.69
527.380787		32.5		19.69
528.494213		33.25		19.69
529.5972222		33		19.69
530.7048611		33.25		19.69
531.8101852		33		19.62
532.9178241		33		19.69
534.0636574		33		19.69
535.1747685		33.75		19.62
536.2847222		32.75		19.62
537.3912037		33.25		19.62
538.494213		33.5		19.62
539.6354167		33.25		19.69
540.7395833		33.25		19.62
541.8425926		33.25		19.69
542.943287		33.25		19.69
544.0868056		33.5		19.62
545.1956019		33.5		19.69
546.3043981		33.5		19.62
547.4050926		33.5		19.62
548.5358796		33.5		19.69
549.6331019		33.25		19.62
550.7731481		33.25		19.62
551.8738426		33.5		19.62
552.9884259		33.75		19.69
554.0833333		33.5		19.69
555.2233796		34		19.62
556.3333333		33.5		19.62
557.431713		33.25		19.62
558.5694444		33.5		19.62
559.6701389		34		19.62
560.7708333		34		19.62
561.9074074		33.5		19.69
563.0081019		33.75		19.62
564.1076389		34		19.62
565.2465278		33.5		19.62
566.349537		34		19.62
567.4583333		34.5		19.62
568.5578704		34.25		19.69
569.6944444		34.25		19.62
570.7939815		34		19.69
571.931713		33.75		19.69
573.0266204		34		19.69
574.1261574		33.75		19.62
575.2685185		34		19.69
576.3761574		34.5		19.62
577.4814815		34.25		19.69
578.5844907		34.25		19.62
579.7002315		34.75		19.62
580.8414352		34.5		19.62
581.9421296		34.5		19.69
583.0509259		34.5		19.69
584.1539352		34.75		19.69
585.2939815		34.75		19.62
586.3993056		34.5		19.69
587.5011574		34.75		19.62
588.6018519		34.75		19.69
589.7384259		34.75		19.62
590.8483796		34.5		19.62
591.9467593		34.5		19.62
593.0844907		34.75		19.62
594.1840278		34.75		19.62
595.2928241		34.5		19.62
596.4386574		34.75		19.62
597.5381944		34.75		19.62
598.6435185		34.75		19.56
599.7430556		35		19.62
600.8877315		35		19.62
601.9907407		35.25		19.62
603.0891204		34.75		19.62
604.2256944		35.25		19.62
605.3275463		35.25		19.62
606.431713		34.5		19.62
607.537037		35		19.62
608.6747685		34.75		19.69
609.7708333		35.5		19.62
610.9074074		35.75		19.62
612.0081019		35.5		19.62
613.1111111		35.5		19.62
614.2280093		34.75		19.62
615.3726852		35.25		19.62
616.4664352		35.5		19.62
617.5706019		35.25		19.56
618.7048611		35.25		19.62
619.8055556		36		19.62
620.90625		35.25		19.62
622.0393519		35.5		19.62
623.1400463		35.75		19.62
624.2835648		35.75		19.62
625.3877315		36		19.62
626.4861111		35.5		19.62
627.5844907		35.5		19.62
628.7280093		36		19.62
629.8263889		36		19.62
630.9259259		35.75		19.62
632.0659722		35.5		19.62
633.1655093		36		19.62
634.2673611		36.25		19.62
635.412037		36		19.62
636.5115741		36.5		19.69
637.6215278		36.25		19.62
638.7569444		35.25		19.62
639.8506944		36.25		19.62
640.9525463		36		19.62
642.0902778		36.25		19.62
643.193287		36.25		19.62
644.2962963		36.25		19.62
645.4421296		36.5		19.62
646.5405093		36.25		19.62
647.6469907		36		19.62
648.7523148		36		19.62
649.8888889		36.5		19.62
650.9884259		36.75		19.62
652.0949074		36.5		19.62
653.2002315		36.25		19.62
654.3425926		36.25		19.62
655.4386574		36.5		19.62
656.5775463		37		19.62
657.6793981		36.5		19.62
658.7835648		36.5		19.62
659.8877315		37		19.62
661.0289352		36.5		19.62
662.1331019		36.75		19.62
663.2337963		36.25		19.62
664.3680556		37.25		19.56
665.46875		37.25		19.62
666.5671296		37		19.62
667.7037037		36.75		19.56
668.806713		36.75		19.62
669.9375		37		19.62
671.0416667		37		19.62
672.1481481		37.25		19.62
673.2546296		37		19.62
674.3935185		37		19.62
675.4930556		36.75		19.56
676.5914352		37.25		19.62
677.7256944		37.25		19.62
678.8252315		36.75		19.62
679.962963		37.5		19.62
681.0740741		37.25		19.62
682.1655093		37.5		19.62
683.2789352		37.25		19.62
684.4143519		37		19.56
685.5162037		37.5		19.62
686.6168981		37.5		19.62
687.7604167		37.5		19.62
688.8634259		37.5		19.62
689.9652778		37.75		19.62
691.1006944		37.25		19.56
692.2071759		37		19.62
693.3090278		37		19.56
694.4305556		37.25		19.62
695.556713		37.5		19.62
696.662037		37.5		19.56
697.7604167		37.5		19.56
698.9016204		37.5		19.62
699.9976852		37.75		19.62
701.1041667		37.25		19.62
702.2083333		38		19.56
703.3483796		38.25		19.56
704.4606481		37.75		19.62
705.5775463		38.25		19.56
706.6967593		38		19.56
707.7777778		37.5		19.62
708.8912037		38.25		19.56
710.0081019		38.5		19.56
711.1446759		38.5		19.62
712.2465278		38.25		19.56
713.3576389		38		19.62
714.4641204		38.5		19.62
715.6041667		38		19.56
716.7013889		38.5		19.56
717.8194444		38.25		19.56
718.9224537		38		19.56
720.0393519		38.25		19.56
721.162037		38.75		19.62
722.28125		38.25		19.62
723.4027778		38.5		19.62
724.5127315		38.25		19.56
725.6226852		38.75		19.56
726.7303241		38.75		19.62
727.8472222		38.75		19.56
728.9513889		38.5		19.56
730.0648148		39		19.56
731.2013889		39		19.56
732.3032407		38.75		19.56
733.4050926		38.75		19.62
734.5069444		39		19.56
735.6585648		38.75		19.5
736.7673611		38.75		19.56
737.8703704		39.25		19.56
738.9756944		39		19.56
740.0775463		39.25		19.56
741.1886574		38.75		19.56
742.3252315		39.25		19.56
743.4201389		39.5		19.56
744.5590278		39.5		19.56
745.6643519		39.25		19.56
746.7627315		39.25		19.56
747.9085648		39.75		19.56
749.0092593		38.75		19.56
750.1122685		39.5		19.56
751.2199074		39		19.62
752.3252315		39.25		19.5
753.4398148		39.75		19.56
754.587963		39.25		19.56
755.6886574		39.25		19.56
756.7997685		39.5		19.56
757.9050926		39.75		19.56
759.0439815		39.5		19.56
760.1458333		39.75		19.56
761.2511574		39.75		19.56
762.3657407		39.75		19.56
763.4756944		40		19.56
764.587963		40.25		19.5
765.6921296		40		19.56
766.8344907		40		19.56
767.9340278		40.25		19.56
769.0381944		40.25		19.56
770.1805556		39.75		19.56
771.2800926		40.5		19.56
772.3842593		40.25		19.56
773.4918981		40.5		19.56
774.6041667		39.75		19.56
775.7199074		40.5		19.56
776.8645833		40.75		19.56
777.9710648		40.75		19.56
779.0798611		40.25		19.56
780.1828704		41		19.56
781.3206019		41		19.56
782.4305556		40.25		19.56
783.5439815		40.5		19.56
784.6469907		40.75		19.56
785.7453704		41		19.56
786.8900463		40.75		19.56
788.0034722		40.75		19.56
789.1018519		40.75		19.56
790.2060185		41		19.56
791.3125		41		19.56
792.4502315		41.25		19.56
793.5543981		41.25		19.56
794.6585648		40.75		19.56
795.7638889		40.5		19.56
797.0289352		41.5		19.56
798.1724537		41		19.56
799.2546296		41.25		19.62
800.4039352		41.25		19.56
801.5173611		41.25		19.56
802.6215278		40.75		19.56
803.7199074		41.5		19.62
804.8217593		41.5		19.62
805.9641204		42		19.56
807.0671296		41.75		19.56
808.1701389		41.25		19.56
809.3194444		42		19.56
810.4340278		41.75		19.56
811.5497685		42		19.56
812.6655093		41.5		19.56
813.775463		41.5		19.56
814.9224537		41.75		19.56
816.0289352		42		19.56
817.1284722		42		19.56
818.2349537		42.25		19.56
819.3414352		41.75		19.56
820.5636574		42.5		19.56
821.6736111		42.25		19.56
822.7928241		42		19.56
823.9027778		42.5		19.56
825.0393519		42.5		19.56
826.1423611		42		19.56
827.2511574		42.25		19.5
828.3518519		42.25		19.56
829.5		42.25		19.56
830.6041667		42.5		19.56
831.7118056		42.5		19.5
832.8136574		42.5		19.56
833.9247685		42.5		19.5
835.0694444		42.75		19.5
836.1736111		42		19.56
837.2824074		42.5		19.56
838.3831019		42.5		19.56
839.4930556		42.5		19.56
840.6030093		42.5		19.56
841.7430556		42.5		19.56
842.8506944		42.75		19.56
843.9965278		43.25		19.56
845.1122685		43		19.5
846.2199074		42.75		19.56
847.3252315		43		19.5
848.4710648		43.25		19.56
849.5659722		42.75		19.5
850.8993056		43.5		19.56
852.0763889		43		19.56
853.1793981		43		19.56
854.2800926		43.25		19.5
855.3865741		43.25		19.56
856.5335648		43.25		19.56
857.6342593		43.5		19.56
858.7337963		43.5		19.56
859.869213		42.75		19.5
861.005787		43.25		19.5
862.1064815		43.5		19.5
863.2199074		43.75		19.56
864.3599537		43.25		19.5
865.4583333		43.5		19.56
866.568287		43.75		19.5
867.6712963		43.25		19.5
868.9016204		43.75		19.56
870.1585648		44.25		19.56
871.2962963		43.75		19.12
872.431713		43.5		19.5
873.5347222		43.75		19.56
874.6342593		44		19.5
875.7384259		44		19.06
876.8773148		44		19.12
877.9803241		44.25		19.06
879.1238426		44		19.06
880.2291667		44.25		19.06
881.3726852		44.5		19.06
882.474537		44		19.06
883.5775463		44.25		19.06
884.7222222		44.25		19.12
885.8599537		44.5		19.25
886.9548611		45		19.31
888.1365741		44.75		19.37
889.2384259		44.5		19.37
890.337963		45		19.44
891.4803241		45		19.5
892.5810185		45.5		19.56
893.6805556		45.5		19.62
894.8171296		45		19.75
895.9143519		45		19.75
897.0127315		45.25		19.87
898.1550926		45		19.94
899.2523148		44.75		20
900.3703704		45		20.06
901.5104167		44.75		20.12
902.6238426		44.5		20.25
903.7361111		44.5		20.31
904.8819444		44.75		20.37
906.0243056		44.25		20.5
907.1226852		43.75		20.69
908.2638889		43.25		21.37
909.3738426		42.75		21.56
910.4791667		42.5		21.81
911.5810185		42		22.06
912.7199074		42		22.31
913.8240741		41.25		22.44
914.9386574		41.5		22.62
916.0347222		40.75		22.75
917.1724537		40.75		22.87
918.2708333		40.75		22.94
919.3738426		40.75		23.06
920.5115741		40.5		23.12
921.619213		41		23.19
922.724537		40.5		23.25
923.8298611		40.25		23.31
924.96875		40.5		23.31
926.0752315		40.25		23.37
927.1747685		40.25		23.37
928.3125		40		23.44
929.4108796		39.25		23.44
930.5104167		39.75		23.44
931.650463		40		23.5
932.7523148		40		23.5
933.8506944		39.75		23.5
934.994213		39.5		23.5
936.0960648		40		23.56
937.193287		39.25		23.56
938.3032407		40		23.56
939.4444444		39.75		23.56
940.5497685		40		23.56
941.6493056		39.75		23.56
942.7893519		39.25		23.62
943.8900463		39.75		23.56
944.9884259		40.25		23.62
946.1296296		40		23.56
947.2314815		39.75		23.62
948.3356481		40.5		23.5
949.4479167		40.5		23.56
950.556713		40.25		23.62
951.6956019		40.25		23.56
952.8032407		40.75		23.56
953.9143519		40.5		23.5
955.0138889		40.75		23.5
956.1539352		40.5		23.56
957.2546296		40.75		23.5
958.3587963		40.5		23.5
959.4675926		40.75		23.5
960.5752315		40.25		23.5
961.7256944		40.25		23.44
962.8229167		40.75		23.44
963.9247685		41		23.44
965.0671296		41		23.44
966.1550926		41.25		23.44
967.2939815		41		23.44
968.380787		41		23.37
969.5162037		40.5		23.37
970.7349537		41.5		23.37
971.880787		41.5		23.37
972.9918981		41.25		23.31
974.0902778		41		23.31
975.2314815		41.5		23.37
976.3333333		41		23.31
977.4340278		41.5		23.31
978.5474537		41		23.25
979.6712963		41.5		23.25
980.7916667		41.75		23.25
981.9074074		41.25		23.25
983.0150463		41.75		23.25
984.1388889		41.5		23.19
985.2615741		41.75		23.19
986.337963		42		23.19
987.4884259		41.75		23.12
988.5960648		41.25		23.19
989.7025463		41.5		23.12
990.806713		42		23.12
991.9178241		42.25		23.06
993.0231481		42		23.06
994.1365741		42		23.06
995.2476852		42.25		23.06
996.3622685		42		23.06
997.5104167		42.5		23
998.6157407		41.75		22.94
999.7986111		42.5		23
1000.940972		42.5		23
1002.041667		42.5		22.94
1003.186343		42		22.94
1004.292824		42.25		22.94
1005.398148		42.5		22.94
1006.509259		42.75		22.87
1007.618056		42.25		22.87
1008.883102		43		22.87
1010.03125		43		22.87
1011.172454		42.75		22.81
1012.280093		43		22.81
1013.378472		43		22.81
1014.475694		43		22.81
1015.619213		43		22.75
1016.72338		43		22.75
1017.826389		42.75		22.75
1018.984954		43.25		22.69
1020.091435		43.25		22.69
1021.199074		43.25		22.69
1022.340278		43.25		22.69
1023.44213		43.5		22.62
1024.549769		43.5		22.62
1025.652778		43.25		22.62
1026.795139		43.25		22.56
1027.898148		43		22.56
1029.282407		43.75		22.62
1030.430556		44		22.56
1031.53588		43.25		22.12
1032.645833		43.5		22.56
1033.788194		43.5		22.5
1034.892361		43.75		22.56
1035.998843		43.25		22.56
1037.770833		44.25		22.5
1039.032407		44		22.06
1040.136574		43.75		22.12
1041.399306		44.25		22.62
1042.546296		44		22.31
1043.65625		43.75		22.56
1044.762731		44		23.12
1045.896991		44		22.87
1046.993056		44.25		23.06
1048.332176		44.75		23.25
1049.482639		44.5		23.44
1050.604167		44.5		23.62
1051.761574		44.75		23.87
1052.880787		45		24.06
1054.042824		44.75		24.25
1055.146991		44.25		24.44
1056.462963		44.75		24.56
1057.652778		44.75		24.81
1058.760417		44.25		24.94
1059.861111		44		25.19
1061.403935		44.75		25.31
1062.635417		44.75		25.62
1063.75		44.5		25.81
1064.871528		44.25		25.94
1065.988426		44		26.19
1067.100694		44		26.44
1068.203704		43.75		26.62
1069.469907		44.25		27.25
1070.621528		44		27.06
1071.726852		43.75		27.31
1072.87037		43		27.94
1074.209491		43.75		28.12
1075.388889		43.25		28.31
1076.5		43.25		28.5
1077.612269		43		28.62
1078.716435		42.75		28.75
1080.060185		43.5		28.87
1081.24537		43		29
1082.350694		42.75		29.06
1083.453704		42.75		29.19
1084.583333		43		29.25
1085.685185		42.75		29.31
1086.78588		43		29.31
1087.931713		43		29.37
1089.042824		42.75		29.37
1090.150463		42.25		29.44
1091.25463		42.5		29.44
1092.365741		42.25		29.5
1093.472222		41.75		29.56
1094.579861		42		29.5
1095.728009		42		29.5
1096.844907		42.5		29.56
1097.927083		42		29.56
1099.052083		41.75		29.56
1100.174769		41.75		29.56
1101.260417		42.25		29.56
1102.383102		42.25		29.56
1103.493056		42		29.56
1104.641204		42.25		29.56
1105.74537		42.25		29.5
1106.853009		42		29.5
1108.08912		42.75		29.5
1109.207176		43		29.44
1110.344907		42.75		29.44
1111.457176		42.75		29.44
1112.556713		42.75		29.44
1113.659722		42.5		29.37
1114.803241		42.75		29.37
1115.952546		43.25		29.37
1117.053241		43.25		29.31
1118.155093		43		29.31
1119.269676		43		29.25
1120.393519		43.25		29.25
1121.517361		43.5		29.19
1122.640046		43.5		29.19
1123.715278		43		29.19
1124.859954		43.25		29.19
1125.96412		43.25		29.12
1127.069444		43		29.12
1128.174769		43		29.06
1129.878472		44		29
1131.108796		44.25		28.44
1132.22338		44		28.5
1133.362269		43.5		28.5
1134.472222		43.75		29
1135.731481		44.25		29.06
1136.872685		44.25		28.75
1137.978009		44		28.81
1139.275463		44.5		28.87
1140.436343		44.5		29
1141.561343		44		29.06
1142.837963		44.5		29.25
1144.027778		44.75		29.37
1145.186343		44.25		29.56
1146.303241		44.5		29.69
1147.444444		44.5		29.75
1148.590278		44.75		29.94
1149.711806		44.75		30.06
1150.836806		44.5		30.19
1151.960648		44.25		30.25
1153.084491		44.5		30.37
1154.189815		44.5		30.56
1155.37037		44.75		30.75
1156.482639		44.25		30.87
1157.59838		44.25		31
1158.710648		43.75		31.19
1159.994213		44.25		31.75
1161.118056		44		31.56
1162.239583		44		31.69
1163.354167		44.25		31.87
1164.46875		44.25		32
1165.586806		43.75		32.13
1166.704861		43.5		32.69
1167.826389		43.5		32.81
1168.946759		43.5		32.94
1170.023148		43.5		33
1171.164352		43.5		33.13
1172.283565		43		33.19
1173.388889		43.25		33.25
1174.50463		43.5		33.38
1175.611111		43		33.44
1176.722222		43.25		33.44
1177.841435		42.75		33.5
1178.991898		43.25		33.5
1180.107639		43.25		33.56
1181.230324		43.25		33.56
1182.349537		43		33.56
1183.505787		43.5		33.63
1184.631944		43.25		33.56
1185.751157		42.75		33.63
1186.853009		43		33.56
1187.959491		43		33.63
1189.061343		43.25		33.56
1190.194444		43		33.56
1191.295139		43.25		33.56
1192.40162		43		33.5
1193.541667		43.25		33.5
1194.649306		42.75		33.44
1195.751157		42.75		33.44
1196.891204		43		33.44
1197.989583		43		33.38
1199.092593		43.25		33.31
1200.230324		43.5		33.31
1201.334491		42.75		33.25
1202.673611		43.5		33.25
1203.815972		43.75		33.19
1204.961806		43.75		33.13
1206.0625		43.75		33.06
1207.159722		43.5		33.06
1208.417824		44		33
1209.55787		44.25		32.56
1210.658565		43.75		32.5
1211.915509		44.25		32.94
1213.097222		44.5		32.5
1214.199074		44.25		32.63
1215.303241		44		32.69
1216.450231		44		32.75
1217.746528		44.5		32.81
1218.893519		44.5		32.94
1219.990741		44.5		33
1221.173611		44.75		33.13
1222.274306		44.75		33.19
1223.415509		44.75		33.31
1224.512731		45		33.44
1225.65162		44.75		33.44
1226.755787		45		33.56
1227.877315		44.75		33.69
1228.996528		44.5		33.75
1230.175926		44.75		33.88
1231.274306		44.5		34
1232.414352		45		34.06
1233.513889		45		34.13
1234.612269		44.5		34.25
1235.753472		44.5		34.38
1236.895833		44.75		34.5
1238.040509		44.5		34.63
1239.21875		44.75		34.75
1240.318287		44.25		34.88
1241.458333		44		35
1242.719907		44.5		35.13
1243.895833		44.5		35.25
1244.996528		44.25		35.38
1246.096065		43.75		35.5
1247.236111		43.75		36
1248.493056		44.25		36.06
1249.636574		44.25		35.69
1250.741898		44		35.81
1251.842593		44.25		35.88
1252.969907		44		35.94
1254.104167		43.75		36
1255.359954		44.25		36.5
1256.502315		43.5		36.13
1257.613426		43.75		36.63
1258.717593		43.75		36.69
1259.821759		44		36.75
1260.940972		43		36.31
1262.333333		43.75		36.81
1263.488426		43.5		36.88
1264.607639		43.25		36.88
1265.726852		43.5		36.94
1266.847222		43.75		36.94
1267.957176		43.75		36.94
1269.060185		44		37
1270.167824		43.75		36.5
1271.30787		43.75		36.94
1272.416667		43.75		36.94
1273.525463		43.75		36.94
1274.640046		43.5		37
1275.746528		43.75		37
1276.888889		44		37
1277.994213		43.75		36.5
1279.096065		43.75		36.94
1280.201389		43.5		36.94
1281.342593		43.5		37
1282.439815		43.75		37
1283.541667		43.5		36.94
1284.799769		44		36.94
1285.90625		44		36.5
1287.045139		44		36.56
1288.150463		43.75		36.5
1289.253472		44		36.94
1290.398148		43.75		36.5
1291.5		43.75		37
1292.603009		44		37
1293.738426		44		36.56
1294.840278		44		36.63
1295.943287		44		36.63
1297.053241		44		36.69
1298.19213		44		36.75
1299.299769		44		36.75
1300.403935		44.25		36.75
1301.509259		44		36.81
1302.649306		43.75		36.81
1303.905093		44.25		37.25
1305.049769		44.25		36.88
1306.152778		44		36.94
1307.255787		43.75		36.94
1308.366898		43.75		37.38
1309.628472		44.25		37.5
1310.810185		44.25		37.06
1311.950231		44.5		37.13
1313.05787		44.25		37.19
1314.207176		44.5		37.19
1315.30787		44.5		37.25
1316.409722		44.5		37.31
1317.554398		44.25		37.31
1318.694444		44.5		37.38
1319.80787		44.25		37.44
1320.952546		44.5		37.44
1322.09838		44.75		37.56
1323.237269		44.5		37.63
1324.341435		44.25		37.69
1325.444444		44.25		37.69
1326.587963		44.5		37.75
1327.740741		44		37.81
1329		44.5		37.81
1330.177083		44.5		37.88
1331.289352		44.25		37.94
1332.4375		44.5		37.94
1333.538194		44.5		38
1334.641204		44.25		38.06
1335.782407		44		38.06
1336.885417		44		38.13
1337.990741		44.25		38.13
1339.094907		44.25		38.19
1340.234954		44.25		38.25
1341.340278		43.75		38.31
1342.444444		44		38.75
1343.55787		44		38.31
1344.694444		44		38.38
1345.799769		44		38.38
1346.898148		44.25		38.44
1348.043981		44		38.44
1349.145833		44		38.44
1350.25463		44.25		38.5
1351.357639		43.5		38.56
1352.5		43.5		38.94
1353.606481		43.5		39
1354.722222		43.75		39
1355.827546		44		39
1356.931713		44		38.5
1358.041667		43.75		38.56
1359.150463		44		39
1360.296296		44		38.56
1361.396991		44		38.56
1362.494213		44.25		38.63
1363.636574		43.75		38.63
1364.743056		43.5		39.06
1365.96875		44		39.06
1367.113426		44		38.69
1368.216435		44		38.63
1369.325231		44		38.69
1370.467593		43.5		38.69
1371.688657		44		39.13
1372.836806		44		38.63
1373.916667		43.25		38.69
1375.114583		43.75		39.06
1376.266204		44		39.13
1377.375		44		38.63
1378.478009		43.75		38.69
1379.587963		43.75		39.13
1380.730324		43.75		39.13
1381.835648		43.75		39.13
1382.944444		43.5		39.13
1384.173611		44		39.13
1385.3125		44.25		38.69
1386.418981		43.75		38.69
1387.527778		44		39.13
1388.670139		44		38.56
1389.784722		44		38.69
1390.894676		44		38.75
1392.00463		43.5		38.69
1393.116898		43.75		39.13
1394.376157		44.25		39.19
1395.52662		43.5		38.75
1396.630787		43.75		39.19
1397.732639		43.5		39.19
1398.993056		44		39.19
1400.135417		44.25		38.69
1401.240741		43.75		38.81
1402.34838		44		39.25
1403.457176		43.75		38.75
1404.5625		43.5		39.25
1406.018519		44.25		39.25
1407.234954		43.75		38.88
1408.340278		43.75		39.25
1409.445602		43.75		39.25
1410.555556		43.5		39.31
1411.8125		44		39.31
1412.923611		43.75		38.88
1414.03125		43.75		39.25
1415.171296		43.75		39.25
1416.429398		44.25		39.25
1417.56713		44.25		38.81
1418.672454		43.75		38.81
1419.818287		43.75		39.25
1420.923611		43.25		39.25
1422.65625		44.25		39.25
1423.922454		43.75		38.75
1425.02662		44		39.19
1426.174769		44.25		38.75
1427.280093		43.75		38.75
1428.542824		44.25		39.19
1429.696759		43.5		38.75
1431.152778		44.25		39.19
1432.340278		43.75		38.81
1433.445602		43.75		39.19
1434.555556		44		39.19
1435.668981		43.5		38.63
1436.771991		43.5		39.19
1437.996528		44		39.19
1439.138889		44.25		38.75
1440.277778		44.5		38.75
1441.417824		44		38.75
1442.516204		44		38.75
1443.650463		44.25		38.75
1444.755787		44		38.75
1445.856481		44.25		38.81
1447.003472		43.75		38.81
1448.106481		44		39.19
1449.210648		44.25		38.81
1450.351852		44		38.81
1451.451389		44		38.88
1452.546296		44		38.88
1453.6875		44.25		38.88
1454.783565		43.75		38.94
1456.280093		44.5		39.38
1457.503472		44		39
1458.611111		44.25		39.06
1459.75463		44.5		39.06
1460.866898		44.5		39.06
1461.975694		44		39.13
1463.283565		44.5		39.19
1464.427083		44.5		39.19
1465.577546		44.25		39.25
1466.685185		44.5		39.31
1467.826389		45		39.31
1468.972222		44.5		39.38
1470.09375		44.5		39.44
1471.208333		44.5		39.44
1472.314815		44.5		39.5
1473.456019		44.25		39.56
1474.758102		44.75		39.56
1475.94213		44.75		39.63
1477.052083		44.25		39.63
1478.199074		44.5		39.69
1479.300926		44.5		39.69
1480.407407		44		39.69
1481.517361		44.25		39.69
1482.663194		44.25		39.75
1483.765046		44.25		39.75
1484.866898		43.75		39.81
1486.008102		44		40.25
1487.112269		44.25		39.81
1488.216435		44		39.81
1489.793981		44.75		39.81
1491.010417		43.75		39.88
1492.511574		44.5		40.31
1493.738426		43.5		39.88
1495.195602		44.25		40.31
1496.377315		43.75		39.88
1497.478009		44		40.31
1498.618056		44.25		39.81
1499.761574		44.5		39.88
1500.865741		44		39.88
1501.966435		44		39.88
1503.104167		43.75		39.88
1504.371528		44.25		40.31
1505.517361		44.25		39.88
1506.622685		44.25		39.88
1507.724537		44.25		39.88
1508.864583		43.5		39.88
1510.313657		44.25		40.31
1511.537037		44.5		39.88
1512.642361		43.75		39.88
1513.902778		44.25		40.31
1515.048611		44.25		39.81
1516.15625		44.25		39.88
1517.304398		43.75		39.88
1518.80787		44.5		40.31
1519.990741		43.75		39.94
1521.248843		44.25		40.38
1522.430556		44		39.94
1523.534722		43.5		39.94
1524.638889		43.75		40.38
1525.74537		43.5		40.38
1527.001157		44		40.38
1528.142361		44.25		39.94
1529.251157		44		39.94
1530.358796		44.25		39.94
1531.465278		44.25		39.94
1532.569444		44		39.94
1533.704861		44		40
1534.805556		43.75		40
1536.064815		44.25		40.38
1537.207176		43.75		39.94
1538.34375		44		40.38
1539.445602		44.25		39.94
1540.553241		43.75		40
1541.695602		44		40.38
1542.802083		44		39.94
1543.907407		43.75		40
1545.010417		43.75		40.38
1546.116898		43.75		40.44
1547.376157		44.25		40.44
1548.555556		44.25		39.94
1549.65625		43.5		40
1551.123843		44.25		40.38
1552.310185		44		40
1553.408565		43.75		40
1554.553241		44		40.38
1555.657407		43.75		39.94
1556.756944		44		40.38
1557.864583		44		39.94
1559.010417		43.5		39.94
1560.127315		43.75		40.38
1561.207176		44		40.38
1562.328704		44.25		39.94
1563.652778		44.75		39.94
1564.84838		44.25		40
1565.923611		43.75		40
1567.041667		44		40.38
1568.162037		44.25		39.94
1569.273148		44.25		40
1570.383102		44.25		40
1571.528935		43.75		40
1572.756944		44.25		40.44
1573.9375		44.5		40
1575.050926		44.25		40.06
1576.15625		44.25		40.06
1577.302083		44		40.06
1578.40625		44.25		40.06
1579.540509		44.5		40.06
1580.675926		44.25		40.13
1581.777778		43.75		40.13
1583.275463		44.5		40.56
1584.493056		44		40.19
1585.796296		44.5		40.19
1586.939815		43.5		40.19
1588.038194		43.75		40.63
1589.180556		43.5		40.63
1590.635417		44.25		40.63
1591.814815		44		40.13
1592.947917		43.5		40.25
1594.175926		44		40.69
1595.31713		44.25		40.25
1596.416667		44		40.25
1597.561343		44.25		40.25
1598.666667		44		40.25
1599.768519		44		40.25
1601.071759		44.5		40.31
1602.210648		43.75		40.31
1603.472222		44.25		40.75
1604.652778		44.5		40.31
1605.793981		44		40.31
1606.893519		44		40.38
1608.001157		44		40.38
1609.113426		43.75		40.38
1610.226852		44		40.81
1611.333333		43.5		40.38
1612.596065		44		40.81
1613.703704		44.25		40.38
1614.847222		43.75		40.38
1616.349537		44.5		40.81
1617.53125		44.25		40.44
1618.643519		44		40.44
1619.944444		44.5		40.44
1621.09838		44		40.44
1622.238426		44.25		40.44
1623.349537		44		40.44
1624.457176		43.75		40.44
1625.561343		44		40.88
1626.701389		43.5		40.44
1627.927083		44		40.88
1629.071759		44.25		40.44
1630.174769		43.5		40.44
1631.987269		44.5		40.81
1633.253472		44		40.44
1634.400463		44.25		40.44
1635.515046		43.75		40.44
1636.734954		44.25		40.81
1637.921296		43.75		40.44
1639.028935		44		40.81
1640.122685		44		40.44
1641.268519		43.75		40.44
1642.366898		44		40.81
1643.47338		43.25		40.38
1645.217593		44.25		40.81
1646.510417		44.25		40.44
1647.608796		44.25		40.38
1648.716435		44.25		40.38
1649.857639		44		40.38
1650.96875		44		40.44
1652.074074		43.75		40.44
1653.178241		43.5		40.88
1654.287037		43.75		40.88
1655.392361		43.75		40.88
1656.532407		44		40.81
1657.630787		44.25		40.38
1658.767361		44		40.44
1659.87037		43.75		40.38
1661.127315		44.25		40.81
1662.269676		44.25		40.38
1663.37037		43.75		40.38
1664.635417		44.25		40.81
1665.775463		44.25		40.38
1666.916667		44.5		40.38
1668.059028		44.25		40.38
1669.153935		44		40.44
1670.258102		44.25		40.44
1671.400463		44.5		40.44
1672.542824		43.75		40.44
1673.646991		44		40.88
1674.75		44		40.44
1675.856481		44		40.5
1676.975694		43.75		40.5
1678.252315		44.25		40.88
1679.412037		44		40.5
1680.52662		44		40.5
1681.613426		44		40.5
1682.728009		43.75		40.5
1683.855324		43.5		40.94
1684.981481		43.75		40.94
1686.101852		43.75		40.94
1687.340278		44.25		40.94
1688.488426		44.25		40.44
1689.611111		44		40.5
1690.729167		44		40.5
1691.811343		44.25		40.5
1692.959491		44.25		40.5
1694.063657		44.25		40.5
1695.162037		43.5		40.5
1696.380787		44		40.94
1697.55787		44.25		40.44
1698.664352		44		40.5
1699.967593		44.5		40.56
1701.109954		44.25		40.5
1702.217593		44.25		40.56
1703.322917		44.25		40.56
1704.461806		43.75		40.5
1705.96412		44.5		41
1707.164352		44.5		40.56
1708.288194		44.5		40.56
1709.369213		44.25		40.56
1710.480324		43.75		40.63
1711.627315		44		41
1712.728009		43.75		40.56
1713.850694		44		41.06
1714.951389		43.75		40.63
1716.449074		44.5		41.06
1717.671296		44		40.63
1718.777778		44.25		40.63
1719.881944		44		40.63
1721.025463		44		40.63
1722.130787		44		40.69
1723.233796		44.25		40.63
1724.342593		44		40.63
1725.456019		44		40.63
1726.75463		44.5		40.69
1727.900463		43.75		40.69
1729.164352		44.25		41.13
1730.303241		43.75		40.63
1731.56713		44.25		41.13
1732.707176		44.25		40.69
1733.850694		43.75		40.69
1734.950231		43.75		41.13
1736.054398		43.75		41.13
1737.164352		44		41.13
1738.310185		44.25		40.63
1739.412037		44		40.63
1740.515046		43.75		40.63
1741.77662		44.25		41.06
1742.917824		43.5		40.63
1744.376157		44.25		41
1745.599537		43.5		40.63
1746.699074		43.75		41
1747.810185		43.75		41
1748.921296		43.5		41
1750.142361		44		41
1751.290509		43.75		40.56
1752.396991		44		40.94
1753.503472		43.75		40.44
1754.644676		43.75		40.88
1755.751157		43.75		40.88
1756.850694		43.75		40.88
1758.115741		44.25		40.88
1759.262731		44		40.38
1760.375		44		40.38
1761.515046		43.75		40.31
1762.62037		44		40.75
1763.719907		44.25		40.25
1764.859954		44		40.31
1765.957176		44		40.25
1767.059028		43.75		40.25
1768.202546		43.75		40.69
1769.303241		44		40.69
1770.405093		44.25		40.25
1771.516204		43.5		40.19
1772.777778		44		40.63
1773.880787		43.75		40.19
1775.025463		44		40.63
1776.126157		44		40.19
1777.231481		44.25		40.25
1778.373843		44		40.19
1779.472222		44.25		40.19
1780.618056		44.5		40.19
1781.719907		44.5		40.19
1782.833333		44		40.19
1783.976852		44		40.25
1785.076389		44		40.25
1786.177083		44		40.25
1787.478009		44.5		40.31
1788.662037		43.75		40.25
1789.761574		44		40.75
1790.865741		43.5		40.31
1792.084491		44		40.81
1793.230324		44.25		40.38
1794.340278		44		40.38
1795.644676		44.5		40.44
1796.789352		44.5		40.44
1797.935185		44.25		40.44
1799.037037		44.25		40.44
1800.174769		44.5		40.44
1801.311343		44		40.44
1802.581019		44.5		40.5
1803.725694		44.25		40.5
1804.866898		44.5		40.56
1806.018519		44.5		40.56
1807.12037		44.5		40.56
1808.221065		44		40.63
1809.524306		44.5		40.63
1810.665509		43.75		40.63
1811.924769		44.25		41.06
1813.068287		43.75		40.69
1814.328704		44.25		41.13
1815.476852		44		40.69
1816.62037		44.25		40.69
