0		19		22.94
1.668981481		18.75		22.94
2.782407407		18.75		22.94
3.914351852		19		22.94
5.030092593		18.5		22.94
6.108796296		19		22.94
7.225694444		19.25		22.94
8.342592593		19.25		22.94
9.452546296		19		22.94
10.56365741		19		22.94
11.69560185		19.5		22.87
12.81712963		19.5		22.94
13.92939815		19.5		22.94
15.04513889		19.25		22.87
16.16435185		19.75		22.87
17.28356481		19.25		22.87
18.35763889		19		22.87
19.47222222		19		22.94
20.58680556		19.25		22.87
21.71412037		19.75		22.87
22.8275463		20		22.87
23.94212963		19.5		22.87
25.05439815		19.75		22.87
26.18634259		19.5		22.94
27.30092593		20.25		22.87
28.38541667		19.5		22.87
29.49768519		20		22.87
30.61458333		19.75		22.87
31.73032407		20.25		22.87
32.84953704		20.25		22.87
33.96412037		20.5		22.87
35.0775463		21		22.87
36.18981481		20.75		22.87
37.30439815		20.75		22.87
38.45023148		20.5		22.87
39.55208333		21		22.87
40.66319444		21		22.87
41.74652778		20.75		22.81
42.86226852		21.25		22.81
44.00810185		20.75		22.81
45.12152778		21		22.81
46.2025463		21.25		22.81
47.31712963		21.25		22.81
48.45601852		21		22.81
49.58101852		21		22.87
50.66435185		21		22.87
51.80439815		21.25		22.81
52.8900463		21		22.81
53.99884259		21.25		22.81
55.14351852		21.25		22.81
56.25		22.25		22.81
57.36689815		21.5		22.81
58.48263889		21.5		22.81
59.59837963		21.75		22.81
60.71180556		21.75		22.81
61.82060185		21.75		22.81
62.94328704		22		22.81
64.05902778		21.75		22.81
65.17013889		22.25		22.81
66.25810185		21.75		22.75
67.37962963		22		22.81
68.48958333		22.25		22.81
69.60069444		22.25		22.81
70.71990741		22.5		22.81
71.83680556		22.25		22.81
72.95833333		23		22.81
74.06944444		22.5		22.81
75.1875		23		22.81
76.27199074		23		22.81
77.4224537		23.25		22.81
78.51157407		23		22.81
79.63194444		22.75		22.75
80.74305556		23.5		22.75
81.88078704		23.5		22.81
82.99421296		23		22.81
84.0775463		23.25		22.81
85.21759259		23.5		22.81
86.3125		23.25		22.75
87.41319444		23		22.75
88.54282407		23		22.75
89.67476852		23.75		22.75
90.76388889		23.75		22.75
91.88194444		23		22.75
92.99421296		24		22.75
94.10532407		24		22.81
95.22685185		24.25		22.75
96.34606481		23.75		22.75
97.44097222		24.25		22.75
98.56365741		24.75		22.75
99.69675926		24		22.75
100.8113426		24.5		22.75
101.931713		24.75		22.75
103.0138889		24		22.69
104.1238426		25		22.69
105.255787		24.5		22.75
106.3784722		24.75		22.75
107.4826389		25		22.69
108.5891204		24.5		22.69
109.7141204		25		22.69
110.8009259		25.25		22.75
111.9513889		24.75		22.69
113.0393519		24.75		22.69
114.1585648		25		22.75
115.2743056		25.25		22.69
116.3865741		25.25		22.69
117.5173611		25.75		22.69
118.6157407		25.5		22.69
119.7418981		25.75		22.69
120.8622685		25.75		22.69
121.9733796		25.75		22.69
123.0555556		25.75		22.69
124.1863426		25.5		22.75
125.2962963		25.75		22.69
126.4166667		25.75		22.69
127.5277778		25.75		22.69
128.6423611		25.25		22.75
129.7476852		26		22.69
130.869213		26		22.69
131.9872685		25.75		22.69
133.1041667		26		22.69
134.2233796		26.25		22.69
135.3078704		26.25		22.69
136.4224537		26		22.62
137.5358796		25.75		22.62
138.6724537		26.5		22.62
139.7893519		26.25		22.62
140.90625		26.5		22.62
142.0208333		26.5		22.62
143.1365741		26.25		22.62
144.2152778		26.75		22.62
145.3298611		26.75		22.62
146.443287		26.5		22.62
147.5555556		27		22.62
148.6701389		27		22.62
149.7800926		27		22.62
150.8958333		26.75		22.56
152.0173611		26.75		22.62
153.1342593		26.75		22.56
154.2511574		27.25		22.56
155.3587963		27.5		22.56
156.4699074		27		22.56
157.5844907		27.75		22.56
158.7013889		27		22.56
159.8159722		27.5		22.56
160.9351852		27.25		22.56
162.0543981		27.5		22.56
163.1701389		27.5		22.56
164.2951389		27.75		22.56
165.3854167		28		22.56
166.5081019		27.25		22.56
167.6157407		27.75		22.56
168.7291667		27.5		22.5
169.8472222		27		22.56
170.9722222		27.75		22.56
172.0972222		28		22.56
173.1689815		27.5		22.5
174.2847222		28		22.5
175.4085648		28.25		22.56
176.5208333		28.5		22.5
177.6354167		27.5		22.5
178.7546296		28		22.5
179.8657407		28.25		22.5
180.9872685		28		22.5
182.1006944		28		22.5
183.2256944		28.25		22.5
184.3391204		28.75		22.5
185.4201389		28.25		22.5
186.5347222		28.5		22.5
187.6550926		29		22.5
188.7685185		29		22.5
189.8831019		28.25		22.5
190.9988426		28.5		22.5
192.1157407		28.75		22.5
193.2268519		28.5		22.5
194.3506944		28		22.5
195.4490741		29.5		22.44
196.5636574		28.75		22.44
197.6747685		29		22.44
198.8032407		29.25		22.44
199.9189815		29		22.5
201.0358796		29.25		22.44
202.1597222		29.25		22.44
203.2407407		29		22.44
204.3576389		29.5		22.44
205.4814815		29.25		22.5
206.6018519		29		22.44
207.7210648		29.5		22.44
208.8113426		29		22.37
209.9224537		29.25		22.44
211.0416667		29.5		22.37
212.162037		29.5		22.44
213.2673611		29.75		22.44
214.3831019		30		22.37
215.5092593		30		22.37
216.6203704		30.25		22.37
217.7314815		30		22.44
218.8402778		29.75		22.37
219.9675926		29.5		22.37
221.0914352		30		22.37
222.2037037		30.5		22.37
223.3113426		29.75		22.31
224.4247685		30.5		22.37
225.5324074		30.75		22.37
226.6469907		29.75		22.37
227.75		30.75		22.37
228.8622685		30.75		22.37
229.9699074		30.75		22.37
231.1053241		30.75		22.37
232.2152778		30.75		22.37
233.3287037		30.75		22.37
234.4409722		31		22.37
235.5474537		30.75		22.31
236.6689815		31		22.31
237.7881944		30.75		22.31
238.9027778		30.5		22.31
240.0231481		31		22.31
241.1342593		31.25		22.31
242.25		31.5		22.31
243.3368056		31.5		22.25
244.4513889		31.5		22.31
245.5648148		31.25		22.31
246.6805556		31.5		22.31
247.7997685		31.5		22.31
248.9097222		31.5		22.31
250.0289352		31.25		22.31
251.150463		31		22.25
252.2743056		31.75		22.31
253.3564815		31.25		22.31
254.4756944		31.25		22.31
255.5902778		31.25		22.25
256.7013889		32		22.25
257.818287		31.75		22.31
258.943287		32.5		22.31
260.0729167		32		22.25
261.1805556		32		22.31
262.2939815		32.5		22.25
263.4097222		32.25		22.25
264.5150463		32.5		22.25
265.6342593		32.5		22.25
266.7430556		32.5		22.25
267.8553241		32.75		22.25
268.9722222		32.5		22.25
270.0914352		32.75		22.25
271.2002315		33.25		22.19
272.3252315		32.75		22.25
273.4155093		32.5		22.19
274.5289352		33		22.25
275.6412037		33.25		22.25
276.7546296		32.75		22.19
277.8680556		33.25		22.19
278.9988426		33.5		22.25
280.0960648		32.75		22.19
281.2152778		33		22.19
282.3391204		33.25		22.25
283.4571759		33.25		22.19
284.5717593		33.5		22.19
285.6886574		33.75		22.19
286.8043981		33.25		22.19
287.9074074		33.75		22.19
289.0289352		33.5		22.19
290.1111111		33.5		22.19
291.2256944		33.5		22.19
292.3541667		33.75		22.19
293.4606481		34		22.19
294.5833333		34.25		22.19
295.7013889		34		22.19
296.818287		34		22.19
297.9351852		34.25		22.19
299.0543981		34		22.19
300.1331019		33.75		22.19
301.2523148		34.5		22.12
302.3657407		34.25		22.12
303.4872685		34		22.12
304.6018519		34		22.12
305.7083333		34		22.12
306.8217593		34.5		22.12
307.9664352		34		22.12
309.0416667		34.25		22.12
310.1921296		34.75		22.12
311.3310185		34		22.12
312.3842593		34.75		22.12
313.5381944		34.25		22.12
314.6481481		34.5		22.12
315.8113426		34.75		22.12
316.8680556		34.75		22.06
317.974537		33.75		22.06
319.0914352		34.75		22.06
320.2175926		35		22.06
321.3217593		35		22.06
322.4305556		34.75		22.06
323.5451389		34.75		22.12
324.6527778		35		22.06
325.7627315		34.5		22.06
326.8703704		34.75		22.06
327.9872685		35		22.06
329.1053241		35.25		22.06
330.2233796		35		22.06
331.3402778		35		22.06
332.4652778		35		22.06
333.5451389		34.5		22.06
334.6585648		35.25		22.06
335.7847222		35		22.06
336.9039352		35		22.06
338.0127315		35.5		22.06
339.1284722		35.75		22.06
340.2627315		35.5		22.06
341.3599537		35.75		22
342.4780093		35.75		22
343.5914352		35.75		22
344.7094907		35.75		22.06
345.7962963		36		22.06
346.9490741		36		22.06
348.0613426		35.75		22
349.1388889		36		22
350.2638889		36.25		22
351.3784722		36		22
352.4918981		36.25		22
353.6053241		36.25		22
354.7222222		36.5		21.94
355.8356481		36.25		22
356.9363426		36.5		22
358.0625		36.25		22
359.1782407		36.5		22
360.2824074		36		22
361.4166667		36.5		22
362.5358796		36.75		22
363.6481481		36.5		22
364.7615741		36.75		22
365.8773148		37		21.94
366.9918981		36.75		21.94
368.0717593		36.25		21.94
369.1921296		36.75		21.94
370.3055556		37		21.94
371.4189815		37.25		21.94
372.537037		36.25		21.94
373.65625		36.5		21.94
374.7673611		37		22
375.8819444		37.25		21.94
376.9976852		37		21.87
378.1168981		37.5		21.87
379.2268519		37.25		21.94
380.3576389		37.75		21.94
381.4409722		37.25		21.94
382.5543981		37.25		21.87
383.6643519		37.75		21.94
384.8125		37.75		21.94
385.8946759		37.5		21.94
387.0138889		37.75		21.94
388.130787		37.25		21.94
389.2523148		37.75		21.94
390.3680556		37.75		21.94
391.4895833		38		21.94
392.6076389		38		21.94
393.6875		37.75		21.94
394.806713		38		21.87
395.9212963		38.25		21.94
397.037037		38		21.87
398.15625		38.25		21.87
399.2662037		38		21.87
400.3819444		37.75		21.87
401.4976852		37.75		21.87
402.6145833		38.5		21.81
403.7268519		38.25		21.87
404.8553241		38.25		21.87
405.974537		38.75		21.81
407.0844907		38.5		21.87
408.2048611		38.5		21.87
409.2789352		38.75		21.87
410.400463		38.75		21.87
411.5208333		38.75		21.87
412.6354167		39		21.81
413.7523148		39		21.87
414.8680556		39		21.81
415.9849537		38.75		21.81
417.1018519		39		21.87
418.2118056		39		21.81
419.3206019		38.75		21.81
420.4340278		39.25		21.81
421.5474537		39		21.81
422.6597222		39.25		21.81
423.7696759		39.25		21.81
424.8854167		39.5		21.81
425.9976852		38.75		21.81
427.2303241		40		21.81
428.3460648		39.5		21.75
429.4525463		39		21.81
430.5694444		39.5		21.75
431.6967593		39.75		21.75
432.8078704		40.25		21.75
433.9212963		39.5		21.75
435.037037		40		21.81
436.1539352		39.75		21.75
437.2708333		40.25		21.75
438.3564815		40.25		21.75
439.4803241		40.25		21.75
440.5983796		40.25		21.75
441.7118056		39.75		21.75
442.8171296		40		21.75
443.9236111		40.5		21.75
445.0347222		40		21.75
446.1805556		40.5		21.75
447.2974537		40.25		21.75
448.4166667		40		21.75
449.505787		40.75		21.75
450.6157407		40.5		21.75
451.7268519		40.75		21.69
452.8368056		40.75		21.75
453.9618056		40.75		21.75
455.0787037		40.75		21.75
456.181713		41		21.69
457.2997685		41.25		21.69
458.4189815		41.25		21.69
459.59375		41.5		21.69
460.6597222		40.75		21.69
461.7384259		41.25		21.69
462.8564815		40.75		21.69
463.9791667		41		21.69
465.1099537		41		21.62
466.2384259		41.75		21.69
467.3564815		41.5		21.62
468.4351852		41.5		21.69
469.5509259		41.5		21.69
470.6747685		41.75		21.69
471.7893519		42		21.69
472.9074074		41.75		21.62
474.0231481		41.5		21.62
475.1365741		41.5		21.69
476.2511574		41.75		21.69
477.3657407		42		21.69
478.4884259		42.25		21.69
479.5694444		42		21.69
480.7013889		42.25		21.69
481.818287		42.5		21.69
482.9444444		42.25		21.69
484.0578704		42.75		21.62
485.1736111		42.5		21.69
486.2546296		42.5		21.62
487.375		42.25		21.69
488.4953704		42.75		21.69
489.6145833		42.75		21.62
490.7326389		42.75		21.62
491.8506944		42.75		21.62
492.9594907		43		21.62
494.0717593		43		21.62
495.1851852		43		21.62
496.2916667		42.75		21.62
497.3969907		43		21.62
498.505787		43.25		21.62
499.619213		43.25		21.62
500.7314815		43.25		21.62
501.84375		43.5		21.62
502.9583333		43.75		21.56
504.0752315		43.75		21.62
505.1909722		43.5		21.62
506.3356481		43.5		21.56
507.4502315		43.75		21.56
508.5300926		43.75		21.62
509.8032407		44.25		21.56
510.9583333		44		21.56
512.0775463		44.25		21.56
513.1921296		44		21.56
514.3055556		44.25		21.56
515.4166667		44.25		21.56
516.53125		44.25		21.56
517.6828704		44.5		21.56
518.7974537		44.25		21.06
519.9097222		44.25		21.5
521.0231481		44.5		21.56
522.2222222		44.75		20.94
523.3414352		44.5		21.06
524.4930556		44.75		21.06
525.6041667		44.75		21.06
526.7314815		45		21
527.8506944		44.5		21
529.0439815		44.75		21
530.15625		45		21.06
531.275463		44.75		21
532.3912037		45.25		21
533.5023148		45		21
534.6157407		45.25		20.94
535.7314815		45.25		21
536.84375		45.5		21.06
537.9282407		45.75		21.12
539.0439815		45.5		21.12
540.1631944		45.75		21.25
541.275463		46		21.25
542.3912037		45.25		21.25
543.505787		46		21.31
544.6203704		45.75		21.37
545.7337963		46		21.44
546.8483796		45.75		21.5
547.9398148		46		21.56
549.0578704		45.75		21.62
550.1770833		46.25		21.75
551.287037		45.5		21.87
552.3969907		45.75		21.94
553.5104167		45.5		22.06
554.625		45		22.12
555.7430556		45		22.25
556.8229167		45		22.31
557.9398148		45		22.44
559.0532407		45.25		22.56
560.2106481		44.75		22.62
561.3229167		45.5		22.75
562.4502315		45.25		22.87
563.5648148		44.75		23
564.6840278		44.25		23.12
565.7627315		43.25		23.69
566.8842593		43		23.81
568.0023148		42.25		23.94
569.1134259		42		23.94
570.2326389		41.25		24.06
571.349537		41.25		24.19
572.4756944		40.75		24.25
573.5625		40		24.31
574.6736111		40.5		24.37
575.7916667		39.75		24.44
576.9155093		40		24.5
578.03125		40		24.56
579.1400463		40.25		24.56
580.2592593		40		24.62
581.375		39.75		24.69
582.4895833		39.75		24.69
583.6087963		39.75		24.75
584.7291667		39.75		24.75
585.84375		40		24.75
586.9201389		40.25		24.81
588.0729167		40.25		24.81
589.1643519		40.5		24.75
590.287037		39.5		24.81
591.3993056		40.25		24.81
592.5173611		40.25		24.81
593.6319444		40		24.87
594.7488426		40		24.87
595.8668981		40.5		24.87
596.9756944		40		24.87
598.09375		40.25		24.87
599.1736111		40.25		24.87
600.287037		40.5		24.87
601.4074074		40.75		24.81
602.5277778		40.75		24.87
603.6377315		41		24.87
604.7523148		40.75		24.87
606.0324074		41.75		24.87
607.2685185		42.5		24.81
608.3854167		42.25		24.81
609.5034722		42.5		24.87
610.6238426		42.5		24.81
611.744213		43		24.81
612.8576389		42.5		24.81
613.9733796		42.75		24.75
615.0787037		42.5		24.81
616.1956019		42.25		24.75
617.3113426		42.25		24.81
618.4212963		42.5		24.75
619.5335648		42.5		24.75
620.6481481		42.75		24.75
621.7662037		42.75		24.69
622.8819444		42.5		24.75
623.9953704		43		24.75
625.1122685		43		24.69
626.2361111		43.25		24.69
627.3217593		43.25		24.69
628.4409722		43		24.69
629.6006944		43.5		24.69
630.755787		43.25		24.62
631.8657407		43.5		24.62
633.0613426		44		24.62
634.2175926		43.5		24.62
635.3368056		43.75		24.56
636.462963		43.5		24.56
637.65625		44		24.56
638.8125		44		24.56
639.9282407		44		24.56
641.2013889		44.5		24.5
642.3599537		44		23.81
643.4780093		44		24.5
644.7905093		44.5		24.5
645.9548611		44.5		23.94
647.1111111		44.75		24
648.2256944		44.5		24
649.3923611		44.75		24
650.5486111		44.75		24.06
651.630787		44.75		24.12
652.7418981		45		24.19
653.8587963		45		24.31
654.9675926		44.75		24.37
656.09375		45.25		24.5
657.25		44.75		24.62
658.3680556		44.75		24.75
659.4849537		44.5		24.94
660.6805556		44.75		25.12
661.806713		44.5		25.25
662.9236111		44.25		25.44
664.037037		43.5		26.12
665.1539352		43.75		26.25
666.2673611		43.75		26.44
667.3414352		43.75		26.62
668.4571759		43.25		26.75
669.5706019		43.5		26.87
670.6886574		43.25		27
671.8009259		43.5		27.12
672.9131944		42.75		27.19
674.03125		42.75		27.31
675.1539352		42.75		27.37
676.2881944		43.25		27.44
677.443287		43		27.44
678.5196759		43		27.56
679.6412037		42.5		27.62
680.7581019		42.5		27.69
681.8738426		42.75		27.69
682.9872685		42.5		27.69
684.1041667		42.75		27.75
685.21875		43		27.75
686.3414352		42.75		27.81
687.4513889		42.75		27.81
688.5625		42.5		27.81
689.6840278		42.75		27.87
690.7800926		43		27.87
691.8993056		42.5		27.87
693.2002315		43.25		27.87
694.3726852		43		27.87
695.4861111		43.25		27.87
696.6875		43.75		27.87
697.8055556		43.75		27.87
699.0810185		44.25		27.87
700.1967593		43.5		27.87
702.0324074		44.5		27.87
703.3101852		44		27.12
704.4305556		44.25		27.87
705.587963		44.5		27.87
706.7025463		44		27.19
707.8113426		44.25		27.81
708.9270833		44		27.87
710.0474537		44.25		27.94
711.1643519		44.5		27.94
712.2824074		45.25		27.31
713.5173611		44.25		27.5
714.6759259		44.5		28
715.8449074		44.75		27.5
716.9594907		44.5		27.62
718.0787037		45		27.75
719.1956019		45.25		27.81
720.3113426		45		27.87
721.4189815		44.5		28
722.5821759		44.75		28.06
723.6875		45		28.19
724.8043981		45		28.25
725.9178241		44.75		28.37
727.0335648		45		28.5
728.150463		45		28.62
729.2615741		44.75		28.75
730.3773148		45		28.87
731.494213		45.25		29.06
732.6053241		44.75		29.12
733.7256944		45		29.37
734.8391204		45		29.5
735.9537037		44.5		29.62
737.0775463		44.25		29.75
738.162037		44.25		30.31
739.2847222		44		30.5
740.3993056		43.75		30.62
741.5162037		43.25		30.75
742.6354167		43.25		30.81
743.7465278		43		30.94
744.8587963		42.75		30.94
745.9768519		42.75		31
747.0949074		43		31.06
748.2106481		43		31.12
749.3206019		43.25		31.12
750.4351852		43.5		31.19
751.5486111		43.5		31.25
752.7835648		44		31.25
753.9016204		44		31.31
755.0219907		44		31.31
756.1423611		44		31.31
757.2615741		44.25		31.31
758.3773148		44		31.37
759.4988426		44.25		31.31
760.6087963		44.25		31.31
761.7175926		44.25		31.31
762.8402778		44		31.37
763.9236111		43.5		31.31
765.1689815		44		31.31
766.2928241		44.25		31.31
767.4108796		44		31.31
768.5243056		43.5		31.31
769.9988426		44.25		31.25
771.1898148		44		31.25
772.3125		43.75		31.19
773.5856481		44.25		31.19
774.9456019		44.75		31.12
776.0277778		45		30.37
777.1377315		45		30.44
778.2546296		45		30.56
779.3715278		45.25		30.5
780.4895833		45.5		30.62
781.6076389		45.5		30.62
782.724537		45.75		30.75
783.8425926		45.75		30.75
784.9212963		45.75		30.87
786.0462963		45.75		30.94
787.1585648		45.5		31
788.275463		45.25		31.12
789.3912037		45.5		31.19
790.5104167		45.5		31.25
791.6261574		45.25		31.37
792.7037037		45.5		31.5
793.8634259		44.5		31.56
794.9791667		45.25		31.69
796.0949074		45		31.81
797.2083333		44.75		31.87
798.3252315		44.75		32
799.4444444		44.5		32.13
800.6435185		44.75		32.31
801.7581019		44.5		32.38
802.880787		44.5		32.44
803.9976852		44.5		32.56
805.1064815		44.5		32.69
806.2152778		44.5		32.75
807.3252315		44		32.88
808.6377315		44.5		33.44
809.7986111		43		33.06
810.9606481		43.5		33.63
812.0833333		43.5		33.75
813.1863426		43.75		33.81
814.3090278		43.25		33.88
815.4259259		43.5		33.94
816.5474537		43.25		34
817.6643519		43.25		34.06
818.7800926		42.75		34.06
819.8958333		43.25		34.13
821.0497685		42.75		34.13
822.6446759		43.75		34.13
823.8819444		43.25		34.19
825.087963		43.75		34.19
826.212963		43.75		34.19
827.3344907		43.75		34.19
828.4699074		44		34.19
829.5787037		44.25		34.13
830.6967593		43.5		34.13
831.8981481		44		34.13
833.0601852		44.25		34.06
834.1770833		44		34.13
835.2939815		44		34.06
836.369213		43.5		34.06
838.2094907		44.5		34.06
839.4826389		44		33.38
841.0428241		44.75		33.94
842.2777778		44.75		33.38
843.3935185		44.75		33.44
844.5150463		45		33.44
845.6319444		45		33.5
846.7164352		44.25		33.5
848.0729167		44.75		34.06
849.2314815		44.25		33.44
850.3530093		44.5		34.13
851.4467593		45.25		33.69
852.7233796		44.75		33.75
853.8055556		45		33.81
854.9594907		44.75		33.88
856.0462963		44.5		33.88
857.1608796		45.25		33.94
858.2800926		45.25		34
859.3935185		44.75		34.13
860.5104167		45		34.13
861.6284722		45.25		34.25
862.7453704		45.25		34.31
863.8599537		44.75		34.38
864.9756944		45		34.5
866.0960648		44.75		34.56
867.2141204		44.5		34.69
868.2986111		45		34.69
869.4965278		44.5		34.81
870.6111111		45		34.88
871.7719907		44.5		34.94
872.9328704		44.75		35
874.0486111		44.25		35.13
875.2037037		44.5		35.69
876.3287037		44.25		35.06
877.443287		44.25		35.81
878.5601852		44.5		35.88
879.6759259		44.25		35.19
880.7893519		44.25		35.94
881.8993056		44.25		36
883.0185185		43.5		36
884.1342593		43.5		36.06
885.2592593		43.5		36.06
886.3819444		43.25		36.06
887.5787037		43.75		36.06
888.693287		43.5		36.06
889.8101852		43.75		36.06
891.0891204		44.25		36.13
892.2418981		44.25		36.13
893.3553241		43.75		36.13
894.8402778		44.5		36.13
896.1168981		44.75		35.31
897.2349537		44.5		35.56
898.3541667		44.5		35.5
899.474537		44		35.5
900.7453704		44.5		36.06
901.9039352		44.5		35.44
903.0196759		44.5		35.63
904.1747685		44.75		35.63
905.2928241		44.75		35.63
906.4097222		44.25		35.69
907.525463		45		36.25
908.7615741		44.5		35.75
909.9166667		44.75		35.75
911.0381944		45		35.81
912.1574074		44		35.88
913.4756944		44.5		36.44
914.6331019		44		35.81
915.7523148		44.25		36.5
916.8634259		44		36.56
917.9849537		44.25		36.56
919.0983796		44.5		36.56
920.2465278		44.25		35.94
921.3645833		44.5		36.63
922.4861111		44.5		36
923.5914352		44.5		36.13
924.7060185		44.5		36.13
925.8726852		44.75		36.13
926.9953704		44.75		36.19
928.1076389		45		36.25
929.2210648		45		36.31
930.3321759		44.75		36.31
931.443287		44.75		36.31
932.5590278		45.25		36.38
933.7546296		44.25		36.38
935.0729167		44.75		36.94
936.2291667		44.75		36.31
937.34375		45		36.5
938.4606481		44.5		36.56
939.5752315		44.25		36.56
940.7303241		44.5		37.13
941.8518519		44.25		36.44
942.96875		44		37.19
944.0439815		43.5		37.19
945.2881944		44		37.25
946.4409722		44		37.25
947.556713		43.75		37.25
948.6770833		44		37.25
949.7604167		43.5		37.25
950.8726852		43.25		37.25
952.306713		44		37.25
953.4976852		43.75		37.25
954.5821759		43.5		37.25
955.6979167		43.75		37.25
956.8148148		44		37.25
958.1354167		44.5		37.19
959.2905093		44.5		36.5
960.4039352		44.25		36.63
961.5185185		43.75		37.13
962.7523148		44.25		37.13
964.1284722		44.75		37.13
965.2858796		44.75		36.44
966.4074074		45		36.56
967.5243056		45		36.56
968.6377315		44.5		36.56
969.7488426		45.25		36.56
970.9780093		44.75		36.56
972.0949074		45		36.56
973.2106481		45.25		36.56
974.287037		45		36.63
975.40625		45		36.63
976.5300926		44.75		36.63
977.6458333		44.75		36.69
978.7685185		44.5		36.75
979.8796296		44.5		36.81
981.0011574		44.5		36.81
982.0856481		44.5		36.81
983.2002315		44.5		36.94
984.3136574		44.25		37
985.474537		44.5		37.56
986.5902778		44.5		36.88
987.7407407		44.75		37.06
988.8611111		44.25		37.13
990.0208333		44.5		37.69
991.1377315		44.5		37.13
992.2523148		44.25		37.25
993.4074074		44.5		37.81
994.5173611		44.25		37.13
995.8287037		44.75		37.88
996.9849537		44.5		37.19
998.1319444		44.25		37.44
999.2511574		43.75		37.94
1000.326389		44		38
1001.636574		44.5		38
1002.791667		44.5		37.25
1003.907407		44.25		37.5
1005.065972		44.5		38
1006.184028		44.5		37.31
1007.298611		44.5		37.5
1008.408565		44.25		37.5
1009.52662		44.5		38.06
1010.653935		44.25		37.44
1011.811343		44.5		38.06
1012.96412		44.75		37.38
1014.084491		44.5		37.56
1015.24537		44.75		37.5
1016.398148		44.5		37.5
1017.509259		44.5		37.5
1018.619213		44.5		37.5
1019.730324		44.5		37.56
1020.849537		44.5		37.56
1021.93287		44.5		37.63
1023.046296		44		37.63
1024.199074		44.25		38.19
1025.314815		44.5		38.19
1026.512731		44.75		37.44
1027.627315		44.25		37.69
1028.741898		44		38.25
1029.862269		44		38.31
1030.981481		44.25		38.31
1032.096065		44		38.31
1033.175926		44		38.31
1034.329861		44.25		38.31
1035.412037		44.25		38.31
1036.53125		43.75		38.31
1037.802083		44.25		38.31
1038.917824		44.25		38.31
1040.075231		44.5		38.25
1041.230324		44.75		37.63
1042.385417		44.75		37.69
1043.461806		45.5		37.75
1044.578704		45.25		37.69
1045.697917		45.25		37.69
1046.805556		45		37.75
1047.923611		45.25		37.69
1049.037037		45		37.75
1050.146991		45.25		37.69
1051.260417		45.5		37.69
1052.417824		44.75		37.69
1053.533565		45.25		37.75
1054.643519		45		37.75
1055.765046		44.5		37.81
1056.847222		45		37.88
1057.962963		45.25		37.88
1059.122685		44.25		37.94
1060.199074		45		38.5
1061.435185		44.75		37.88
1062.55787		44.75		38.06
1063.668981		44.5		38.06
1064.778935		44.5		38.13
1065.896991		44.25		38.19
1067.215278		44.75		38.69
1068.378472		44.75		38.06
1069.49537		44.5		38.25
1070.613426		43.75		38.31
1071.887731		44.25		38.81
1073.043981		44		38.88
1074.128472		43.75		38.88
1075.40625		44.25		38.94
1076.565972		44.25		38.94
1077.681713		44.5		38.94
1078.796296		44.25		38.44
1079.912037		44		38.94
1081.027778		44.25		38.94
1082.143519		44.25		38.94
1083.292824		44.5		38.94
1084.41088		44		38.38
1085.53125		43.75		38.94
1087.046296		44.5		38.94
1088.163194		45		38.38
1089.237269		45.25		38.38
1090.403935		44.75		38.44
1091.486111		45		38.38
1092.603009		45		38.38
1093.71412		45.25		38.38
1094.831019		45		38.38
1095.947917		45		38.44
1097.064815		44.75		38.44
1098.18287		45		38.44
1099.293981		44.75		38.44
1100.413194		45.25		38.44
1101.537037		45		38.44
1102.650463		44.5		38.44
1103.80787		44.75		38.5
1104.923611		44.5		38.5
1106.034722		45		38.5
1107.150463		45		38.56
1108.266204		44.25		38.56
1109.384259		43.75		39.13
1111.295139		44.75		39.13
1112.605324		44.5		38.63
1113.71875		44.25		38.63
1114.835648		44.25		39.19
1115.950231		44.25		39.19
1117.070602		44		39.25
1118.146991		44		39.25
1119.262731		44		39.25
1120.380787		44		39.25
1121.5		44		39.25
1122.608796		44		39.25
1123.71875		44.25		39.19
1124.831019		44.25		39.19
1125.983796		44.25		39.19
1127.05787		44.25		39.19
1128.418981		44.75		39.19
1129.554398		44.75		38.5
1130.672454		45		38.5
1131.789352		45.25		38.56
1132.908565		44.75		38.5
1134.02662		45		38.5
1135.138889		45.25		38.5
1136.25463		45		38.5
1137.368056		45.25		38.5
1138.5		45.75		38.5
1139.608796		45.5		38.5
1140.721065		45.5		38.5
1141.836806		45.25		38.5
1142.925926		45.25		38.5
1144.040509		45.75		38.44
1145.15625		45.5		38.5
1146.270833		45.25		38.5
1147.387731		45.25		38.5
1148.509259		45.5		38.5
1149.583333		45.25		38.56
1150.701389		45.25		38.56
1151.824074		45.25		38.56
1152.94213		45		38.63
1154.054398		44.5		38.63
1155.252315		44.75		38.69
1156.371528		44.5		38.75
1157.480324		44.5		38.69
1158.59838		44.25		38.75
1159.758102		44.5		39.31
1160.956019		44.75		38.63
1162.070602		44.75		38.75
1163.1875		44.5		38.81
1164.302083		44.5		38.88
1165.421296		44		38.81
1166.53588		44		39.38
1167.655093		44.25		39.44
1168.768519		44		39.44
1169.891204		44		39.44
1171.163194		44.5		39.44
1172.319444		44.25		38.88
1173.431713		44		39.5
1174.540509		44.25		39.44
1175.657407		44.25		39.5
1176.766204		44.25		39.5
1177.884259		44.25		39.5
1179.043981		44.5		39.44
1180.158565		44.25		38.88
1181.476852		44.75		39.44
1182.635417		44.75		38.88
1183.753472		45		38.94
1184.87037		45.5		38.88
1185.990741		45.25		38.88
1187.107639		45.5		38.88
1188.184028		45.25		38.88
1189.304398		45.25		38.88
1190.421296		45.5		38.88
1191.541667		45.5		38.81
1192.662037		45.25		38.88
1193.738426		45		38.88
1194.861111		45.5		38.88
1195.974537		45.5		38.88
1197.083333		45		38.88
1198.197917		45.5		38.94
1199.388889		44.25		38.94
1200.509259		45		39.5
1201.618056		45.25		38.88
1202.737269		45.25		39
1203.858796		44.75		39.06
1204.972222		44.5		39.06
1206.061343		44.5		39.06
1207.262731		44.75		39.13
1208.381944		44		39.13
1209.979167		44.75		39.69
1211.175926		44.5		39.19
1212.292824		44.5		39.19
1213.447917		44.75		39.25
1214.600694		44.5		39.25
1215.678241		44.5		39.25
1216.796296		44.5		39.25
1217.913194		44		39.31
1219.033565		44.25		39.81
1220.141204		44.25		39.88
1221.263889		44.25		39.88
1222.378472		43.75		39.88
1223.489583		44		39.94
1224.604167		44		39.88
1225.72338		44.25		39.88
1226.834491		44		39.88
1227.950231		43.75		39.88
1229.228009		44.25		39.88
1230.351852		44.25		39.81
1231.46412		43.75		39.81
1232.739583		44.25		39.81
1233.891204		44.25		39.81
1235.005787		44.25		39.75
1236.121528		44.5		39.69
1237.283565		44.75		39
1238.395833		45		38.94
1239.515046		45		39
1240.634259		44.75		39.06
1241.747685		44.5		39
1242.864583		44.5		39
1243.980324		45.25		38.94
1245.092593		45.5		38.94
1246.208333		45.25		39
1247.325231		45.75		38.94
1248.438657		46		38.94
1249.520833		45.75		38.94
1250.638889		45.25		38.94
1251.761574		45.75		38.94
1252.876157		45.25		38.94
1253.959491		45.25		38.94
1255.072917		45.25		38.94
1256.188657		45		38.94
1257.304398		45.25		38.94
1258.421296		45.25		38.94
1259.53588		44.5		39
1260.731481		44.75		39
1261.856481		44.5		39
1263.039352		44.75		39
1264.15162		45.25		39.06
1265.346065		44.25		39.06
1266.496528		44.5		39.69
1267.6875		44.75		39.06
1268.836806		44.5		39.13
1269.912037		45.25		39.19
1271.178241		44.5		39.19
1272.291667		45		39.19
1273.399306		45		39.25
1274.511574		44.25		39.25
1275.858796		44.75		39.81
1277.017361		44.25		39.25
1278.180556		44.5		39.81
1279.299769		44.25		39.25
1280.407407		44.25		39.88
1281.532407		44		39.88
1282.806713		44.5		39.94
1284.00463		44.75		39.25
1285.15625		44.25		39.38
1286.46875		44.75		39.88
1287.659722		44.75		39.25
1288.748843		44.25		39.38
1289.914352		44.5		39.88
1291.070602		44.75		39.19
1292.188657		44.75		39.38
1293.306713		44.75		39.38
1294.418981		45		39.38
1295.538194		44.75		39.31
1296.650463		45.25		39.31
1297.761574		45.5		39.31
1298.871528		45		39.31
1299.989583		45.25		39.38
1301.100694		45		39.31
1302.217593		45.25		39.31
1303.366898		44.75		39.31
1304.480324		45.25		39.38
1305.559028		45		39.38
1306.704861		44.5		39.38
1307.858796		44.75		39.38
1308.978009		44.5		39.38
1310.099537		44.5		39.38
1311.259259		44.75		39.38
1312.378472		44.5		39.44
1313.537037		44.75		39.38
1314.690972		44.5		39.44
1315.773148		44.25		39.38
1316.888889		44		40
1318.208333		44.5		40
1319.362269		44.25		39.38
1320.47338		44.25		40
1321.579861		44.25		40
1322.699074		44.25		40.06
1323.81713		44.25		40.06
1324.9375		43.5		40.06
1326.131944		44		40
1327.291667		43.75		40
1329.184028		44.75		40
1330.505787		44.75		39.25
1331.62037		44.75		39.44
1332.736111		44.25		39.38
1333.84838		45		39.94
1335.085648		44.75		39.25
1336.162037		45		39.44
1337.289352		45		39.38
1338.403935		45		39.38
1339.518519		44.5		39.38
1340.640046		44.5		39.38
1341.751157		44.25		39.38
1342.872685		44.5		39.94
1344.068287		44.75		39.31
1345.185185		44.75		39.44
1346.305556		44.5		39.44
1347.420139		44.25		39.44
1348.738426		44.75		39.88
1349.895833		44.75		39.31
1351.005787		44.75		39.38
1352.128472		44.5		39.44
1353.289352		44.75		39.44
1354.40162		44.25		39.44
1355.555556		44.5		39.94
1356.743056		44.75		39.25
1357.863426		44.5		39.5
1358.979167		44		39.5
1360.253472		44.5		40
1361.421296		44.25		39.44
1362.538194		44.25		40
1363.628472		44		40.06
1364.946759		44.5		40.06
1366.103009		44.5		39.5
1367.219907		44.5		39.5
1368.334491		44.25		39.56
1369.449074		44.5		40.06
1370.570602		44.25		39.44
1371.690972		45		40.06
1372.804398		45		39.44
1373.918981		44.5		39.56
1375.081019		44.75		39.56
1376.197917		44.75		39.56
1377.310185		44.25		39.5
1378.423611		44.25		40.06
1379.578704		44.5		40.06
1380.69213		44		39.5
1382.006944		44.5		40.06
1383.123843		43.75		39.44
1384.396991		44.25		40.06
1385.590278		44.5		40.06
1386.746528		44.75		39.44
1387.862269		45		39.56
1388.978009		44.75		39.56
1390.086806		45		39.5
1391.226852		44.5		39.5
1392.342593		45		39.5
1393.447917		45		39.56
1394.55787		44.75		39.5
1395.668981		44.25		39.56
1397.018519		44.75		40.06
1398.165509		44.5		39.38
1399.34838		44.75		39.56
1400.462963		45		39.63
1401.575231		45		39.63
1402.681713		44.5		39.63
1403.790509		45		39.63
1404.898148		45		39.69
1406.010417		44.75		39.69
1407.121528		45		39.69
1408.273148		44.75		39.69
1409.378472		44.75		39.69
1410.487269		44.75		39.75
1411.599537		44.5		39.75
1412.760417		44.75		39.75
1413.876157		44.25		39.88
1415.025463		45		40.31
1416.222222		44.25		39.69
1417.582176		44.75		40.38
1418.739583		44.5		39.88
1419.827546		44.25		39.88
1420.94213		44.25		40.38
1422.056713		44.25		40.38
1423.21875		44.5		40.38
1424.337963		44.5		39.88
1425.454861		44		39.88
1426.571759		44		40.38
1427.688657		44.25		40.38
1428.767361		44		40.38
1429.890046		44		40.38
1431.010417		44.25		40.38
1432.128472		43.75		40.38
1433.646991		44.5		40.38
1434.878472		44.75		39.75
1435.996528		44.75		39.81
1437.111111		44.5		39.75
1438.299769		44.75		39.75
1439.418981		44.75		39.75
1440.534722		45		39.75
1441.645833		45		39.75
1442.766204		45		39.69
1443.83912		45		39.69
1444.953704		45		39.69
1446.083333		45		39.75
1447.197917		44.75		39.75
1448.3125		44.75		39.75
1449.431713		45		39.75
1450.552083		45		39.75
1451.62963		44.5		39.81
1452.825231		44.75		39.81
1453.945602		45		39.81
1455.054398		44.5		39.81
1456.178241		45.25		39.81
1457.295139		45		39.81
1458.375		45		39.88
1459.488426		44.75		39.88
1460.599537		44.5		39.94
1461.795139		44.75		39.94
1462.912037		44.25		39.94
1464.02662		44		40.44
1465.30787		44.5		40.44
1466.472222		44.5		39.81
1467.577546		44.5		40
1468.689815		44.5		40
1469.798611		44.5		40
1470.909722		43.5		39.94
1472.027778		43.75		40.56
1473.149306		43.75		40.5
1474.261574		44		40.5
1475.376157		44.25		40.5
1476.494213		44		40.5
1477.609954		44.25		40.5
1478.724537		44		40.5
1479.841435		44		40.5
1480.957176		44		40.5
1482.060185		44.25		40.44
1483.174769		44.25		40.44
1484.293981		44		40.44
1485.41088		44.25		40.38
1486.56713		44.5		40.31
1487.68287		44.5		39.69
1488.800926		44.5		39.69
1489.953704		44.75		39.75
1491.068287		44.75		39.69
1492.184028		45		39.63
1493.337963		44.75		39.69
1494.414352		44.5		39.63
1495.527778		45.25		39.56
1496.643519		45.25		39.63
1497.751157		45		39.56
1498.861111		45.25		39.63
1499.978009		45		39.56
1501.094907		45.25		39.56
1502.204861		45.5		39.56
1503.318287		45.5		39.56
1504.4375		44.75		39.56
1505.555556		45		39.56
1506.668981		45		39.56
1507.78588		45.25		39.56
1508.90625		45		39.56
1509.980324		45		39.56
1511.09375		44.75		39.63
1512.208333		44.5		39.56
1513.321759		45.25		39.63
1514.431713		45		39.56
1515.550926		44.75		39.63
1516.664352		45		39.63
1517.778935		45.25		39.69
1518.892361		45		39.69
1520.005787		44.25		39.69
1521.118056		45		40.25
1522.230324		45		39.75
1523.351852		44		39.75
1524.627315		44.5		40.25
1525.783565		44.5		39.69
1526.930556		44.25		39.75
1528.258102		44.75		40.31
1529.369213		45		39.75
1530.490741		44.75		39.81
1531.607639		44.5		39.81
1532.761574		44.75		39.81
1533.91088		44.5		39.81
1535.021991		44		39.81
1536.575231		44.75		40.31
1537.809028		44.5		39.69
1538.917824		44.5		39.75
1539.997685		44.5		39.81
1541.195602		44.75		39.75
1542.314815		44.75		39.75
1543.429398		44.5		39.75
1544.542824		44.25		39.81
1545.657407		44.5		40.31
1546.80787		44.5		39.69
1547.921296		44.5		39.81
1549.038194		44.5		39.81
1550.155093		44.25		39.88
1551.266204		44.25		40.31
1552.37963		44.25		40.31
1553.491898		44		40.31
1554.606481		44.25		40.31
1555.756944		44.5		40.31
1556.87037		44.25		39.56
1557.981481		44		40.31
1559.265046		44.5		40.25
1560.415509		44.5		39.69
1561.524306		44.5		39.75
1562.635417		44.25		39.69
1563.75		44.25		40.25
1564.905093		44.5		40.25
1566.023148		44.25		39.63
1567.144676		44.5		40.19
1568.262731		44.5		39.69
1569.415509		44.75		39.69
1570.569444		44.5		39.69
1571.681713		44.5		39.63
1572.793981		44.5		39.63
1573.950231		44.75		39.69
1575.060185		44.75		39.63
1576.171296		45		39.63
1577.326389		44.75		39.63
1578.440972		45		39.69
1579.518519		45		39.63
1580.670139		44.5		39.63
1581.826389		44.75		39.63
1582.938657		44.75		39.69
1584.05787		45		39.75
1585.173611		45.25		39.75
1586.293981		44.75		39.69
1587.413194		45		39.75
1588.527778		44.75		39.81
1589.644676		44.75		39.81
1590.762731		44.75		39.88
1591.884259		44.5		39.88
1593.005787		44.25		39.81
1594.122685		44.25		40.38
1595.234954		44.25		40.38
1596.357639		44.5		40.44
1597.472222		44.5		39.81
1598.586806		44		40
1599.697917		44.25		40.44
1600.820602		44.25		40.5
1601.976852		44.5		40.5
1603.094907		44.25		39.88
1604.211806		44.25		40.5
1605.322917		44		40.5
1606.599537		44.5		40.44
1607.796296		44.75		39.94
1608.949074		44.75		39.94
1610.06713		44.75		39.94
1611.185185		44.75		39.94
1612.269676		44.75		39.88
1613.377315		45.25		39.88
1614.493056		45.25		39.94
1615.601852		45		39.88
1616.71875		45.25		39.88
1617.877315		44.75		39.94
