0		18.75		21.5
1.665509259		19.25		21.5
2.77662037		19		21.44
3.887731481		18.5		21.5
4.998842593		19.25		21.44
6.109953704		19		21.5
7.221064815		19.25		21.5
8.378472222		18.75		21.5
9.489583333		19		21.44
10.60069444		18.75		21.5
11.71064815		19		21.44
12.82175926		19		21.5
13.93287037		18.75		21.44
15.04398148		19.5		21.44
16.15509259		19.25		21.44
17.2662037		18.75		21.44
18.37152778		18.5		21.44
19.48263889		19.5		21.44
20.59375		19.25		21.44
21.7037037		19.25		21.44
22.81481481		19.25		21.44
23.97222222		19.75		21.44
25.0625		19.75		21.44
26.17361111		19.5		21.44
27.28472222		19.75		21.44
28.39583333		19.25		21.44
29.50694444		20		21.44
30.61805556		19.25		21.44
31.72800926		20		21.44
32.88541667		20		21.44
33.99421296		19.75		21.44
35.09490741		20.25		21.44
36.20601852		20		21.44
37.31712963		20.25		21.44
38.42824074		20.25		21.44
39.53125		20.25		21.44
40.64236111		20.5		21.44
41.79282407		20.5		21.44
42.90393519		20.5		21.44
44.01388889		20.75		21.44
45.125		20.75		21.44
46.23611111		20.25		21.44
47.34722222		21		21.44
48.45833333		21		21.37
49.56828704		21		21.44
50.67939815		20.75		21.44
51.79050926		21		21.37
52.90162037		21.25		21.37
54.01273148		21.5		21.37
55.11689815		21.25		21.44
56.27430556		21.5		21.44
57.38425926		21		21.37
58.49537037		21.5		21.37
59.60648148		21.75		21.37
60.71759259		21.5		21.37
61.8287037		21.25		21.37
62.93981481		21.5		21.37
64.05092593		21.25		21.37
65.16203704		22		21.37
66.27314815		21.75		21.37
67.38425926		21.25		21.37
68.49421296		22		21.37
69.6087963		21.5		21.37
70.72222222		22		21.31
71.83333333		22.25		21.37
72.94444444		22.5		21.37
74.05439815		22.25		21.37
75.16550926		22		21.37
76.32291667		22.25		21.37
77.43402778		22.5		21.37
78.54513889		22.5		21.37
79.65046296		22.75		21.37
80.76157407		22.5		21.31
81.86689815		23		21.31
82.97800926		22.25		21.31
84.08796296		22.5		21.31
85.2337963		23		21.31
86.34490741		22.5		21.37
87.45486111		23.25		21.31
88.56597222		23.25		21.31
89.67708333		23.5		21.31
90.78819444		23.25		21.37
91.89930556		23		21.31
93.01041667		23.5		21.31
94.12152778		23.5		21.31
95.23263889		23		21.31
96.34375		23.75		21.31
97.45486111		24.25		21.31
98.56481481		24		21.31
99.67592593		23.25		21.31
100.787037		24.25		21.31
101.8981481		24.25		21.25
103.0474537		23.75		21.31
104.1574074		24.5		21.31
105.2604167		24.25		21.31
106.3715278		23.75		21.31
107.4791667		24.25		21.31
108.5902778		24		21.31
109.7256944		24.25		21.31
110.8206019		24.5		21.31
111.9259259		24.5		21.31
113.037037		24.5		21.31
114.1481481		24.25		21.31
115.2997685		24.25		21.31
116.4108796		24.5		21.31
117.5219907		24.5		21.31
118.6331019		24.75		21.25
119.744213		24.75		21.31
120.8553241		25		21.25
121.9664352		24.5		21.25
123.0775463		24.5		21.25
124.1886574		24.5		21.25
125.2986111		24.5		21.25
126.4097222		25		21.25
127.5208333		25		21.25
128.6319444		25.25		21.25
129.7430556		24.75		21.25
130.8541667		25		21.25
131.9652778		25.25		21.25
133.0763889		25		21.19
134.2337963		25.5		21.25
135.3449074		25.5		21.25
136.4548611		24.5		21.25
137.5659722		25		21.25
138.6770833		24.75		21.25
139.7881944		25.5		21.19
140.8946759		25.25		21.19
142.005787		25.25		21.19
143.1064815		25.5		21.19
144.2175926		25.25		21.25
145.3611111		25		21.19
146.4722222		25.75		21.19
147.5775463		26		21.19
148.6886574		25.5		21.25
149.7997685		25.75		21.25
150.9108796		25		21.19
152.0231481		26		21.19
153.1342593		26		21.19
154.2453704		25.5		21.19
155.3564815		25.75		21.19
156.4675926		26		21.25
157.5787037		26.25		21.19
158.7349537		26		21.19
159.8460648		26		21.19
160.9571759		26		21.25
162.068287		26		21.19
163.1793981		26.25		21.19
164.2905093		26		21.19
165.4016204		26.25		21.19
166.5127315		26.5		21.19
167.6238426		25.75		21.19
168.7349537		26.5		21.19
169.8460648		26.25		21.12
170.9560185		25.75		21.12
172.0671296		26.5		21.19
173.1782407		26.5		21.19
174.2893519		26.5		21.19
175.4398148		26		21.12
176.5474537		26.5		21.19
177.6574074		26.25		21.19
178.7847222		26.75		21.12
179.8958333		26.5		21.19
181.0069444		26.25		21.12
182.1180556		26.5		21.12
183.2199074		26.75		21.06
184.3310185		26.25		21.12
185.4421296		26.75		21.12
186.5532407		26.75		21.12
187.6643519		26.75		21.12
188.775463		27.25		21.12
189.8865741		26.75		21.12
190.9976852		27		21.12
192.1076389		26.75		21.12
193.21875		27.5		21.12
194.3761574		26.75		21.12
195.4872685		27.5		21.12
196.5983796		27.5		21.12
197.7094907		27.5		21.12
198.8206019		27		21.12
199.931713		27.5		21.12
201.0428241		27.75		21.06
202.1539352		27.5		21.12
203.2638889		27.5		21.12
204.375		27.5		21.06
205.4768519		27.25		21.06
206.587963		27.25		21.12
207.744213		27.5		21.06
208.8518519		27.75		21.06
209.962963		28		21.12
211.0740741		27.5		21.06
212.1759259		27.75		21.06
213.2800926		27.75		21.06
214.4236111		28		21
215.5347222		27.5		21.06
216.6458333		28		21.06
217.7569444		27.75		21.06
218.8680556		27.75		21.06
219.9791667		28.5		21.06
221.0891204		28		21.06
222.2002315		28		21.06
223.3113426		28.5		21.06
224.4224537		28.5		21.06
225.5335648		28.25		21.06
226.6446759		27.75		21.06
227.755787		28.25		21.06
228.8668981		28		21.06
229.9780093		28.25		21.06
231.1354167		28.5		21
232.2465278		28.75		21.06
233.3564815		28.5		21
234.4675926		28.5		21
235.5763889		28.25		21
236.6863426		29		21
237.7893519		28.25		21
238.8888889		29		21
240		28.75		21
241.1574074		29		21
242.2604167		28.25		21
243.3564815		28.5		21.06
244.46875		28.75		21
245.6134259		29.25		21
246.724537		29.25		21
247.8356481		29.25		21
248.9398148		29		21.06
250.0462963		28.75		21
251.1458333		29		21
252.2569444		29.5		21
253.4027778		29.5		21
254.5138889		28.5		20.94
255.625		29.25		20.94
256.7361111		29		20.94
257.8472222		29		21
258.9525463		29.25		21
260.0636574		29.5		20.94
261.1701389		29.75		20.94
262.28125		29.5		20.94
263.3923611		29.5		20.94
264.5034722		29.75		21
265.6585648		29.75		20.94
266.7685185		29.75		20.94
267.8796296		30		20.94
268.9907407		30		20.94
270.1018519		30.25		21
271.212963		30		20.94
272.3240741		30.25		20.94
273.431713		29.75		20.94
274.5428241		30.25		20.94
275.6539352		30.25		20.94
276.7650463		30.25		20.94
277.8761574		29.75		20.94
278.9861111		30.25		20.94
280.0972222		30.5		20.94
281.2546296		30		20.94
282.3657407		29.75		20.87
283.4768519		30.5		20.87
284.5798611		30.75		20.94
285.6909722		30.5		20.94
286.7858796		30.5		20.87
287.8969907		30.5		20.87
289.0081019		30.5		20.87
290.119213		30.25		20.87
291.275463		30.75		20.87
292.3865741		31		20.87
293.4976852		30.75		20.87
294.6087963		30.75		20.87
295.7048611		30.75		20.87
296.8159722		30.75		20.94
297.9270833		30.25		20.87
299.0381944		31		20.87
300.1469907		30.5		20.87
301.3043981		30.5		20.87
302.4155093		31		20.87
303.494213		31.25		20.87
304.6412037		31.25		20.87
305.7523148		31.25		20.87
306.8622685		31.75		20.87
307.9768519		31.25		20.87
309.0960648		31.5		20.87
310.2083333		31.5		20.87
311.3194444		31.75		20.81
312.4305556		31.5		20.87
313.5416667		31		20.87
314.6527778		31.5		20.81
315.7627315		31		20.87
316.8738426		31.75		20.81
317.9907407		31.75		20.87
319.1030093		31.75		20.87
320.2152778		30.75		20.81
321.3263889		32		20.87
322.4305556		31.25		20.81
323.5416667		31.75		20.81
324.6608796		31.75		20.81
325.7974537		32		20.81
326.9085648		32		20.87
328.0196759		31.75		20.81
329.130787		32		20.81
330.2430556		32		20.81
331.3541667		32.25		20.81
332.4652778		32.25		20.81
333.5763889		31.5		20.81
334.6840278		31.75		20.75
335.7951389		32.25		20.81
336.9409722		32.25		20.81
338.0520833		32.5		20.81
339.1631944		32.5		20.75
340.2627315		32.5		20.81
341.3738426		32.25		20.75
342.4849537		32.5		20.75
343.5960648		32.5		20.81
344.7071759		32.5		20.81
345.818287		32.75		20.75
346.9282407		32.5		20.75
348.0393519		32.75		20.81
349.1967593		32.75		20.75
350.306713		32.5		20.81
351.4178241		32.75		20.81
352.5289352		32.25		20.75
353.6400463		32.5		20.81
354.7511574		33		20.75
355.8391204		32.75		20.75
356.9837963		32.25		20.75
358.087963		33		20.81
359.1990741		33		20.81
360.3101852		33		20.75
361.4212963		32.75		20.75
362.5324074		33.25		20.75
363.6435185		33		20.75
364.7546296		33.25		20.75
365.8645833		33		20.69
366.9756944		33.5		20.69
368.125		33.5		20.75
369.2361111		33.25		20.69
370.3472222		33.5		20.75
371.4583333		33.5		20.69
372.568287		33.25		20.75
373.6793981		33.25		20.69
374.7905093		33.5		20.75
375.9016204		33.75		20.75
377.0127315		33.75		20.69
378.1238426		33.25		20.75
379.2349537		33.75		20.75
380.3460648		33.75		20.75
381.4571759		33.5		20.75
382.6041667		33.75		20.69
383.7141204		33.75		20.69
384.8252315		33.75		20.69
385.9247685		34.25		20.69
387.056713		34		20.75
388.1365741		34		20.75
389.2476852		34		20.69
390.3935185		34		20.75
391.4930556		34		20.75
392.6157407		34		20.75
393.7152778		33.75		20.69
394.8611111		34		20.69
395.9398148		34		20.69
397.0601852		33.5		20.69
398.1712963		34.25		20.69
399.2824074		34		20.69
400.4166667		34.5		20.69
401.5277778		34.25		20.69
402.6388889		34.75		20.69
403.75		34.5		20.69
404.8611111		34.5		20.69
405.9664352		33.75		20.69
407.0775463		35		20.69
408.2349537		34.75		20.69
409.2986111		34.5		20.69
410.4560185		34.75		20.69
411.5671296		34.5		20.69
412.6782407		35.25		20.69
413.7893519		35.25		20.69
414.900463		35		20.69
416.0127315		35.25		20.69
417.1226852		34.5		20.69
418.2337963		35		20.69
419.3449074		35.25		20.69
420.4560185		35.25		20.69
421.5671296		35.25		20.69
422.6782407		35.25		20.62
423.7893519		35.5		20.69
424.9340278		35.5		20.69
426.0451389		35		20.69
427.15625		35.5		20.69
428.2581019		35.5		20.62
429.3645833		35.5		20.69
430.474537		35.5		20.62
431.5856481		35.75		20.62
432.6967593		35		20.62
433.8078704		35.5		20.62
434.9652778		35.75		20.62
436.0763889		35.5		20.62
437.1875		35.75		20.62
438.2986111		35.25		20.62
439.4097222		34.75		20.62
440.5208333		35.5		20.62
441.630787		35.5		20.62
442.7418981		35.75		20.62
443.8530093		35.5		20.62
444.9641204		35.75		20.62
446.0694444		36		20.62
447.1724537		36.25		20.62
448.3298611		36		20.62
449.4409722		36		20.56
450.5486111		35.75		20.56
451.6597222		36		20.62
452.7662037		36.25		20.62
453.8773148		36		20.56
454.9907407		36.25		20.56
456.1261574		36		20.56
457.2372685		36.25		20.62
458.3483796		36		20.56
459.4583333		36.5		20.56
460.5578704		36.25		20.56
461.6689815		36.75		20.56
462.7800926		36.75		20.56
463.9224537		36.5		20.56
465.0324074		36.5		20.56
466.1331019		36.75		20.56
467.244213		36.75		20.56
468.3553241		36.5		20.56
469.4664352		37		20.56
470.5775463		36.5		20.56
471.6886574		36.75		20.62
472.7986111		37		20.56
473.9097222		36.5		20.56
475.0208333		36.5		20.5
476.1319444		37		20.56
477.2673611		37		20.56
478.3784722		37		20.62
479.4895833		37		20.56
480.5983796		37.25		20.56
481.6979167		37.25		20.56
482.8553241		37.25		20.56
483.9664352		36.75		20.56
485.0497685		36.75		20.56
486.1655093		37		20.5
487.2766204		37		20.5
488.3877315		37		20.56
489.5104167		37		20.5
490.6215278		37		20.5
491.7326389		37.25		20.5
492.84375		37.5		20.5
493.9548611		37.25		20.5
495.1064815		37		20.56
496.2175926		37.5		20.5
497.3287037		37		20.56
498.4398148		37.75		20.5
499.5509259		37.75		20.56
500.662037		37.75		20.5
501.7638889		37.5		20.5
502.875		37.75		20.5
503.9861111		38		20.5
505.0972222		37.75		20.5
506.2083333		38.25		20.56
507.3530093		38		20.5
508.4641204		37.25		20.56
509.5752315		38		20.5
510.6863426		37.25		20.5
511.7974537		37.5		20.5
512.9074074		38.25		20.5
514.0185185		38.25		20.5
515.1296296		38		20.5
516.2407407		38.5		20.56
517.3518519		38.5		20.5
518.462963		38.25		20.5
519.5775463		38.5		20.5
520.6886574		38.5		20.5
521.7997685		38.75		20.5
522.9108796		38.75		20.5
524.0219907		38.25		20.5
525.1331019		38.75		20.5
526.2893519		38.5		20.5
527.400463		39		20.5
528.5115741		38.5		20.5
529.6226852		38.75		20.5
530.7303241		39		20.5
531.837963		39		20.5
532.9490741		38.75		20.5
534.0601852		38.75		20.5
535.1712963		39		20.44
536.2777778		39.25		20.44
537.4143519		38.5		20.44
538.5416667		39		20.44
539.6319444		38.25		20.5
540.7430556		38.75		20.44
541.8541667		38.75		20.5
542.9652778		39.25		20.5
544.0752315		39.25		20.44
545.1793981		39		20.44
546.3090278		39.25		20.44
547.4201389		39.25		20.5
548.53125		39.25		20.5
549.6423611		39		20.44
550.7534722		39.5		20.44
551.8645833		39.5		20.44
552.9756944		39.25		20.44
554.0868056		39.25		20.44
555.244213		39.75		20.44
556.3506944		39.5		20.44
557.4722222		39.75		20.44
558.5694444		39.75		20.44
559.6805556		39.5		20.44
560.7905093		39.5		20.44
561.9016204		40		20.37
563.0127315		39.75		20.37
564.1238426		39.25		20.44
565.2349537		40		20.44
566.3460648		39.25		20.44
567.4953704		39.75		20.44
568.6064815		39.75		20.37
569.7175926		40.25		20.37
570.8287037		40.25		20.37
571.9270833		39.75		20.37
573.0266204		40.25		20.37
574.1377315		40.25		20.37
575.2951389		39.75		20.37
576.40625		40		20.37
577.5173611		40.5		20.37
578.6273148		40.5		20.37
579.7384259		40.25		20.37
580.849537		40.25		20.37
581.9606481		40.5		20.44
583.0613426		39.75		20.37
584.1678241		40.25		20.37
585.3171296		40.5		20.37
586.4178241		40.25		20.37
587.5289352		40.25		20.37
588.6273148		40.5		20.37
589.7731481		41		20.37
590.8842593		41		20.37
591.994213		40.75		20.37
593.1064815		40.5		20.37
594.2037037		40.75		20.37
595.3275463		41		20.37
596.4155093		40.75		20.37
597.5625		41		20.31
598.6736111		41.25		20.37
599.7835648		40.5		20.37
600.8946759		41.25		20.31
601.994213		41.25		20.37
603.1076389		41.25		20.31
604.21875		40.5		20.37
605.3298611		41.25		20.37
606.4409722		41		20.31
607.5868056		41		20.31
608.6909722		41.25		20.37
609.7835648		41.25		20.37
610.8946759		41.5		20.37
612.005787		41.5		20.37
613.1631944		41.5		20.31
614.2372685		41.5		20.31
615.3622685		41.5		20.31
616.4733796		41.75		20.31
617.5844907		41.75		20.31
618.71875		41.75		20.37
619.806713		41.75		20.31
620.9178241		42		20.31
622.0289352		41.75		20.37
623.1863426		41.75		20.25
624.2974537		41.5		20.37
625.4016204		42.25		20.31
626.4965278		41.5		20.31
627.619213		41.75		20.31
628.7303241		41.25		20.31
629.8414352		41.25		20.31
630.9606481		41.75		20.31
632.0520833		41.75		20.31
633.2094907		42		20.31
634.3206019		42		20.31
635.431713		42		20.31
636.5428241		42		20.31
637.6539352		42.25		20.31
638.7650463		42.5		20.31
639.8761574		42.25		20.31
640.9768519		42		20.31
642.087963		42.5		20.31
643.193287		42.25		20.31
644.3043981		41.75		20.25
645.4409722		42.25		20.31
646.5347222		42.5		20.31
647.6458333		42.5		20.31
648.8032407		42.5		20.25
649.9143519		42.5		20.31
651.0231481		42.75		20.25
652.1342593		42.75		20.31
653.2453704		43		20.25
654.3564815		41.75		20.31
655.4618056		42.75		20.31
656.5671296		43.25		20.31
657.6793981		42.75		20.31
658.8090278		43		20.25
659.9201389		42.75		20.25
661.03125		43.25		20.31
662.1423611		43		20.25
663.2534722		42.5		20.25
664.3657407		42.5		20.25
665.4768519		42.75		20.25
666.587963		43		20.31
667.6990741		42.75		20.25
668.8101852		43		20.25
669.9675926		43		20.25
671.0740741		43.25		20.25
672.1643519		43.25		20.25
673.275463		43		20.31
674.3865741		43.5		20.25
675.4976852		43		20.25
676.6087963		43.5		20.25
677.71875		43.5		20.25
678.8726852		43.5		20.25
679.9652778		42.75		20.25
681.0694444		43.5		20.25
682.1805556		43.5		20.25
683.2916667		43.5		20.25
684.4027778		43.75		20.25
685.556713		43.25		20.25
686.6550926		43.5		20.25
687.7534722		43.25		20.25
688.8645833		43.75		20.25
689.9756944		43.5		20.25
691.1215278		43.75		20.31
692.2314815		44		20.25
693.3425926		44		20.25
694.4537037		43.75		20.25
695.5648148		44		20.25
696.6759259		43.75		20.25
697.787037		43.75		20.25
698.8981481		44.25		20.25
700.0092593		44.25		20.19
701.1203704		44.25		20.25
702.2314815		44.25		20.25
703.3414352		44.25		20.25
704.4988426		44.5		20.25
705.5914352		44		20.25
706.7037037		44.25		20.25
707.8148148		43.75		20.25
708.9143519		44.5		20.25
710.025463		44.5		20.25
711.1631944		44.75		20.19
712.2939815		44.5		20.19
713.4050926		44.75		20.25
714.5162037		44.75		20.19
715.6273148		45		20.19
716.7384259		44.5		20.19
717.837963		44.75		20.25
718.9305556		44.75		20.19
720.0775463		44.75		20.19
721.1886574		44.75		20.19
722.2997685		44.5		20.19
723.4108796		45		20.25
724.5185185		44.75		20.19
725.6203704		45		20.19
726.7314815		44.5		20.19
727.8425926		44.75		20.19
728.9537037		45		20.19
730.1099537		45.25		20.19
731.212963		45		20.19
732.3240741		45		20.19
733.4340278		44.5		20.19
734.5451389		45.25		20.19
735.65625		44.5		20.12
736.7673611		45.5		20.19
737.8784722		45.75		20.19
738.9895833		45		20.19
740.1006944		45.75		20.19
741.2118056		45.5		20.19
742.3229167		45.5		20.19
743.4409722		45.5		20.19
744.5520833		45.75		20.19
745.6631944		45.75		20.19
746.8206019		45.5		20.19
747.9224537		45.75		20.19
749.0335648		45.25		20.19
750.1446759		45.25		20.19
751.255787		45.5		20.19
752.3611111		45.75		20.19
753.4722222		45.75		20.12
754.5833333		46		20.19
755.6944444		45.5		20.19
756.8055556		46		20.19
757.962963		46		20.19
759.0729167		46.25		20.19
760.1840278		45.25		20.19
761.2951389		46.25		20.19
762.40625		46.5		20.12
763.5173611		46.25		20.19
764.6284722		45.75		20.12
765.7395833		46.25		20.12
766.8506944		46.5		20.19
767.9618056		46		20.12
769.0729167		46		20.12
770.1840278		46.5		20.12
771.2939815		46		20.12
772.4050926		46.5		20.12
773.5162037		46		20.12
774.6273148		46.5		20.12
775.7384259		46.5		20.06
776.8483796		46.75		20.12
777.9988426		46.25		20.12
779.1087963		46.75		20.12
780.2199074		46.5		20.12
781.3206019		47		20.06
782.431713		46.75		20.12
783.5428241		47		20.12
784.6539352		47		20.12
785.7650463		46.75		20.12
786.8784722		46.5		20.12
787.9895833		47		20.12
789.1423611		47		20.12
790.2407407		47		20.12
791.3518519		46.5		20.06
792.4548611		47		20.06
793.5659722		46.75		20.06
794.6770833		46.25		20.06
795.7881944		47.25		20.06
796.9386574		47.25		20.06
798.0497685		47.5		20.06
799.1608796		47.25		20.06
800.2719907		47.25		20.06
801.3831019		47.25		20.06
802.494213		47.25		20.06
803.6053241		47.75		20.06
804.7164352		47.25		20.06
805.8229167		47.5		20.06
806.9340278		47.25		20.06
808.0405093		47.25		20.06
809.1516204		47.5		20.06
810.3090278		47.25		20.06
811.4178241		47.25		20.06
812.5289352		47.5		20.06
813.6273148		48		20
814.7384259		47.75		20
815.8483796		47.75		20.06
816.9594907		47.25		20.06
818.0740741		47.75		20
819.1851852		47.75		20.06
820.2962963		48.25		20
821.4074074		47.25		20
822.556713		47.75		20
823.6678241		47.75		20
824.7731481		47.75		20
825.8842593		48		20.06
826.9953704		47.5		20
828.1064815		48		20
829.2175926		47.75		20
830.3287037		48		20
831.4386574		48.25		20
832.5497685		48.5		20
833.6608796		48.5		20
834.8125		48.5		20
835.9236111		48.5		20
837.0347222		48.25		20
838.1423611		48.25		20
839.2534722		48.5		20
840.3645833		48.75		20
841.4756944		48.5		20
842.5868056		48.25		20
843.6979167		48.25		20
844.8090278		48		20
845.9201389		48.75		20
847.03125		49		20
848.1423611		48.5		20
849.2523148		48.75		20
850.3634259		48.75		20
851.5208333		48.5		20.06
852.6319444		48.75		20
853.7430556		49		20
854.8541667		49		20
855.9652778		48.5		20
857.0763889		48		20
858.1736111		48.5		20
859.2847222		49		20
860.3854167		49.25		20
861.5416667		48.75		20
862.6446759		49		20
863.755787		49.25		20
864.8668981		49.25		20
865.9780093		49.25		20
867.0891204		49.25		20
868.1956019		49.25		20
869.3055556		49.5		20
870.4166667		49.25		20
871.5277778		49.5		20
872.6388889		49.25		19.94
873.75		49.25		20
874.9074074		49.5		20
876.0185185		49		20
877.1296296		49.5		19.94
878.2407407		49.5		20
879.3518519		50		20
880.4618056		49.5		20
881.5729167		49.5		20
882.6840278		49.75		20
883.7905093		49.5		20
884.8958333		49.25		19.94
886.0069444		50		20
887.1180556		49.75		20
888.2650463		49.75		20
889.3761574		50		19.94
890.4872685		49.75		19.94
891.5983796		50.25		20
892.7094907		49.75		20
893.8206019		50.25		20
894.9201389		50		19.94
896.0289352		49.75		20
897.1400463		50.25		20
898.2928241		49.5		20
899.4027778		50		19.94
900.5138889		50		19.94
901.625		50.25		19.94
902.7361111		50.25		19.94
903.8506944		50		19.94
904.9618056		49.75		19.94
906.0717593		49.5		19.94
907.1828704		50.25		19.94
908.2939815		50.25		20
909.4050926		50.5		19.94
910.5162037		50.75		20
911.6273148		50		19.94
912.7384259		50.75		19.94
913.8912037		50.5		19.94
915.0023148		50.75		19.94
916.1134259		51		19.94
917.224537		50.75		19.94
918.3356481		50.5		19.94
919.4467593		50.75		19.94
920.5578704		50.75		19.94
921.6666667		51		19.94
922.7696759		50.75		19.94
923.880787		51		19.94
924.9918981		50.75		19.94
926.1030093		50.75		19.94
927.212963		51		19.87
928.3553241		51.25		19.94
929.4675926		51		19.94
930.5717593		51		19.94
931.6678241		51		19.94
932.78125		51.25		19.87
933.8923611		51.5		19.94
935.0497685		51.5		19.94
936.1608796		51.25		19.94
937.2719907		51.25		19.94
938.3831019		51.25		19.94
939.4930556		51.5		19.94
940.6041667		51.5		19.94
941.7152778		51		19.87
942.8217593		51		19.94
943.931713		51.5		19.94
945.0428241		51.75		19.94
946.1539352		51.75		19.94
947.2650463		51.75		19.94
948.3761574		51.75		19.94
949.4872685		51.25		19.94
950.6446759		52		19.94
951.7916667		51.75		19.87
952.8923611		51.5		19.94
954.0023148		52		19.87
955.1365741		52		19.94
956.2476852		51.75		19.87
957.3587963		52.25		19.94
958.4571759		51.75		19.87
959.5717593		52		19.87
960.681713		52.25		19.94
961.7928241		52		19.87
962.9039352		52.25		19.87
964.0150463		52		19.87
965.1261574		52		19.94
966.2372685		52.5		19.87
967.3946759		52.5		19.87
968.494213		52.5		19.87
969.6053241		52.75		19.87
970.7164352		52.75		19.87
971.8275463		52.75		19.87
972.9351852		52.75		19.87
974.0451389		52.5		19.87
975.15625		52.5		19.87
976.2673611		52.5		19.94
977.3784722		52.5		19.81
978.4895833		52.75		19.87
979.6469907		53		19.87
980.7581019		53.25		19.87
981.869213		52.75		19.87
982.9803241		52.75		19.87
984.0914352		52.75		19.87
985.1770833		53		19.87
986.287037		53		19.87
987.3981481		52.5		19.87
988.9675926		53.5		19.87
990.2175926		53		19.87
991.3287037		53.25		19.87
992.4398148		53		19.87
993.5509259		53		19.87
994.7071759		53.5		19.87
995.818287		53		19.87
996.9293981		53		19.87
998.1331019		53.5		19.81
999.244213		53.5		19.87
1000.355324		53.25		19.87
1001.559028		53.75		19.87
1002.700231		53.5		19.81
1003.896991		54		19.81
1005.054398		53.5		18.62
1006.165509		53.5		19.87
1007.27662		53.75		19.81
1008.387731		54		19.81
1009.498843		53.75		18.81
1010.633102		53.75		19.81
1011.744213		53.25		19.81
1013.503472		54.25		19.81
1014.799769		54.5		18.81
1015.91088		54.25		18.81
1017.021991		54		18.87
1018.126157		53.75		19.19
1019.640046		54.5		19.81
1020.84375		54		18.94
1021.954861		53.75		19.19
1023.232639		54.25		19.75
1024.585648		54.75		18.87
1025.762731		54.25		19.06
1026.873843		54.25		19.06
1027.984954		54.5		19.12
1029.142361		53.75		19.06
1030.621528		54.5		19.75
1031.825231		53.75		18.75
1032.936343		54		19.75
1034.232639		54.5		18.81
1035.390046		54.25		18.94
1036.71412		54.75		18.94
1037.863426		53.75		18.94
1039.424769		54.5		19.62
1040.582176		54.5		18.75
1041.739583		54.25		18.94
1042.850694		54.5		19.06
1044.006944		54.75		19.19
1045.164352		54.75		19.25
1046.275463		54.75		19.31
1047.386574		54.25		19.37
1048.541667		54.5		19.5
1049.643519		54.5		19.62
1050.800926		54.75		19.75
1051.912037		54.75		19.81
1053.069444		54		19.94
1054.180556		54.25		20
1055.291667		54.25		20.12
1056.402778		53.75		20.25
1057.513889		53		21.06
1058.856481		53.75		21.19
1060.059028		53.25		21.31
1061.170139		52.75		21.44
1062.28125		52.5		21.5
1063.392361		52.25		21.62
1064.503472		52.25		21.69
1065.614583		51.75		21.81
1066.725694		51.5		21.87
1067.836806		51.5		21.87
1068.947917		51		22
1070.052083		51.25		21.94
1071.196759		51.25		22.06
1072.282407		50.75		22.06
1073.393519		50.5		22.12
1074.543981		50.75		22.19
1075.657407		50.75		22.19
1076.74537		50.25		22.25
1077.856481		50.25		22.25
1078.967593		50.25		22.25
1080.097222		49.75		22.25
1081.21875		50		22.31
1082.322917		50		22.31
1083.435185		50		22.31
1084.546296		50.25		22.31
1085.657407		50.25		22.31
1086.768519		50		22.37
1087.878472		50.25		22.37
1088.989583		50		22.37
1090.105324		50		22.37
1091.25		50		22.37
1092.361111		50		22.44
1093.472222		50.75		22.44
1094.583333		50.25		22.37
1095.685185		50.25		22.37
1096.796296		51		22.44
1097.927083		50.75		22.44
1099.038194		51		22.37
1100.143519		50.5		22.37
1101.25463		51.25		22.44
1102.365741		51		22.44
1103.469907		51.5		22.37
1104.627315		51		22.44
1105.69213		51.5		22.37
1106.84838		51		22.37
1107.959491		51.5		22.44
1109.063657		51.25		22.44
1110.168981		51.5		22.31
1111.271991		51.5		22.37
1112.376157		51.75		22.37
1113.527778		51.75		22.37
1114.638889		52		22.31
1115.75		52		22.37
1116.861111		51.75		22.37
1117.958333		51.5		22.31
1119.069444		52		22.31
1120.180556		52.25		22.31
1121.291667		52.25		22.31
1122.402778		51.75		22.31
1123.606481		52.5		22.31
1124.763889		52.5		22.31
1125.875		52.5		22.31
1126.984954		52.5		22.31
1128.096065		52.75		22.31
1129.222222		52.25		22.25
1130.336806		52.75		22.25
1131.447917		52.75		22.25
1132.559028		52.75		22.25
1133.670139		52.5		22.25
1134.78125		53		22.19
1135.892361		53		22.19
1137.002315		53		22.19
1138.113426		53.25		22.19
1139.255787		52.75		22.19
1140.366898		53.25		22.19
1141.478009		53		22.19
1142.635417		53.25		22.19
1143.746528		53.5		22.12
1144.856481		53.5		22.12
1145.961806		53.25		22.12
1147.068287		53.25		22.12
1148.179398		53.5		22.12
1149.289352		53.75		22.06
1150.413194		53.75		22.12
1151.524306		53.5		22.06
1152.622685		53.5		22.06
1153.733796		53.75		22.06
1154.844907		53.75		22.06
1156.002315		53.5		22.06
1157.206019		54		22
1158.363426		54		21.12
1159.47338		53.75		21.06
1160.584491		54		22
1161.703704		54		21
1162.814815		54		21.12
1163.925926		54.25		21.25
1165.037037		54.25		21.31
1166.142361		54.25		21.31
1167.300926		54.5		21.37
1168.398148		54.25		21.44
1169.739583		54.75		21.5
1170.894676		54.75		21.62
1172.005787		54.75		21.62
1173.116898		54.75		21.75
1174.228009		54.25		21.87
1175.33912		55.25		21.94
1176.450231		55		22
1177.561343		54.5		22.12
1178.672454		54.5		22.31
1179.783565		55		22.44
1180.894676		55		22.69
1182.002315		54.75		22.81
1183.140046		54.75		23.06
1184.251157		54.75		23.25
1185.37037		54.75		23.44
1186.480324		54.5		23.69
1187.637731		54.75		23.87
1188.795139		54.5		24.06
1189.952546		54.75		24.25
1191.063657		54.5		24.5
1192.174769		54		24.62
1193.28588		54.25		24.87
1194.390046		53.5		25
1195.501157		53.5		25.94
1196.612269		52.75		26.12
1197.72338		52.75		26.31
1198.876157		52		26.5
1199.987269		51.75		26.62
1201.09838		51.25		26.81
1202.209491		50.75		26.94
1203.320602		50.5		27.06
1204.430556		50.5		27.19
1205.541667		50.5		27.31
1206.652778		50.25		27.37
1207.763889		50		27.44
1208.875		50		27.56
1209.986111		50		27.56
1211.097222		50.25		27.62
1212.208333		50.25		27.69
1213.319444		49.75		27.75
1214.465278		49.75		27.81
1215.575231		50		27.81
1216.686343		50		27.87
1217.797454		50		27.87
1218.891204		49.75		27.87
1220.002315		50		27.94
1221.159722		50		27.94
1222.270833		49.25		27.94
1223.381944		49.75		27.94
1224.493056		49.75		28
1225.604167		49.75		27.94
1226.715278		50		28
1227.826389		50		28
1228.921296		50		27.94
1230.032407		49.75		28
1231.184028		50.25		27.94
1232.295139		50.25		27.94
1233.40625		50.25		27.94
1234.517361		50		27.87
1235.628472		50.5		27.87
1236.731481		50.5		27.87
1237.834491		50.5		27.87
1238.945602		50.75		27.87
1240.056713		50.75		27.87
1241.170139		50.5		27.87
1242.27662		50.75		27.81
1243.434028		50.75		27.81
1244.545139		51		27.75
1245.65625		51.25		27.75
1246.767361		51		27.75
1247.878472		51.25		27.69
1248.991898		51.25		27.69
1250.103009		51		27.62
1251.21412		51		27.62
1252.325231		51.5		27.62
1253.431713		51.25		27.62
1254.542824		51.5		27.62
1255.650463		51		27.56
1256.761574		51.5		27.56
1257.917824		51.75		27.5
1259.023148		51.75		27.5
1260.134259		52		27.44
1261.24537		52		27.44
1262.356481		52		27.44
1263.467593		52.25		27.37
1264.578704		52.25		27.37
1265.689815		51.75		27.31
1266.800926		52.25		27.25
1267.912037		52.25		27.25
1269.021991		52		27.25
1270.133102		51.75		27.25
1271.568287		52.75		27.19
1272.771991		52.25		27.19
1273.883102		51.75		27.12
1275.086806		52.5		27.06
1276.197917		52.25		27.06
1277.309028		52.75		27.06
1278.420139		52		26.94
1279.90162		53		27
1281.100694		52.75		26.94
1282.211806		53		26.94
1283.322917		53.25		26.87
1284.434028		53		26.87
1285.545139		53.25		26.87
1286.655093		53.25		26.87
1287.766204		52.75		26.81
1288.90162		53.25		26.81
1290.059028		53.5		26.75
1291.152778		53		26.69
1292.310185		53.5		26.75
1293.451389		53.25		26.69
1294.5625		52.75		26.69
1295.673611		53		26.62
1297.061343		53.75		26.56
1298.21875		54		26.56
1299.329861		53.5		25.62
1300.579861		54		26.5
1301.737269		53.75		25.56
1302.802083		53.75		26.44
1303.959491		53.5		26.44
1305.070602		53.75		26.37
1306.181713		54		26.37
1307.287037		54.25		25.5
1308.390046		53.75		25.37
1309.501157		53.75		26.25
1310.612269		53.75		26.31
1311.72338		53.75		26.25
1312.996528		54.25		26.19
1314.142361		54.25		25.25
1315.299769		54.5		25.19
1316.41088		54.25		25.19
1317.568287		54.5		25.12
1318.655093		54.25		25.19
1319.987269		54.75		25.12
1321.167824		54.25		26.06
1322.510417		54.75		25.37
1323.672454		54.25		25.31
1324.819444		54.5		25.37
1325.965278		54.75		25.37
1327.106481		54.75		25.44
1328.216435		54.5		25.56
1329.327546		55		25.69
1330.484954		54.5		25.81
1331.596065		55		25.94
1332.767361		54.5		26.06
1333.924769		54.75		26.19
1335.03588		55		26.37
1336.146991		55		26.5
1337.258102		54.75		26.81
1338.369213		54.75		27
1339.52662		54.75		27.25
1340.637731		54.5		27.5
1341.793981		54.75		27.62
1342.905093		54.25		27.87
1344.239583		54.75		28.12
1345.375		54		28.37
1346.512731		53.75		28.62
1347.777778		54.25		29.44
1348.934028		53.5		28.94
1350.020833		53.75		29.87
1351.131944		53.5		30.06
1352.238426		53.25		30.19
1353.385417		52.75		30.37
1354.496528		53		30.5
1355.607639		52.5		30.69
1356.71875		52.5		30.81
1357.829861		52		30.87
1358.940972		51.5		31
1360.052083		51.25		31.12
1361.15162		51.75		31.12
1362.303241		51.75		31.19
1363.414352		51.75		31.25
1364.52662		51.25		31.31
1365.642361		51		31.37
1366.729167		51.75		31.37
1367.840278		51.75		31.37
1368.997685		51.75		31.44
1370.108796		51.75		31.5
1371.209491		51.75		31.5
1372.320602		51.5		31.5
1373.431713		51.75		31.5
1374.542824		51.5		31.5
1375.652778		52		31.5
1376.763889		51.5		31.5
1377.865741		51.75		31.5
1378.998843		51.75		31.5
1380.108796		51.5		31.5
1381.219907		51.75		31.5
1382.331019		52		31.44
1383.429398		52.25		31.44
1384.586806		52		31.37
1385.697917		52.5		31.37
1386.809028		52.5		31.37
1387.920139		52.25		31.37
1389.03125		52.75		31.31
1390.143519		52.75		31.31
1391.25463		52.75		31.25
1392.365741		53		31.25
1393.475694		53.25		31.25
1394.586806		52.5		31.19
1395.697917		52.75		31.19
1396.805556		53		31.12
1397.916667		53		31.12
1399.02662		53.25		31.12
1400.137731		53		31.06
1401.341435		53.5		31.06
1402.452546		53.5		31
1403.563657		53.5		31
1404.674769		53.5		30.94
1405.78125		53.25		30.94
1406.891204		53.5		30.87
1408.002315		53.75		30.87
1409.118056		53.25		30.81
1410.274306		53.5		30.81
1411.385417		53.75		30.75
1412.496528		54		30.69
1413.607639		54		29.94
1414.71875		54		29.81
1415.829861		53.75		29.81
1416.940972		53.75		30.56
1418.05787		54		30.5
1419.168981		54		29.69
1420.278935		54.25		29.62
1421.423611		54.5		29.56
1422.568287		54.75		29.5
1423.725694		54.25		29.5
1424.836806		54.25		29.44
1426.179398		54.75		29.37
1427.290509		55		29.37
1428.392361		54.5		29.31
1429.503472		55		29.25
1430.707176		54.5		29.25
1431.864583		54.75		29.19
1433.009259		54.5		29.19
1434.159722		54.75		29.12
1435.270833		54.75		29.12
1436.381944		55		29.12
1437.496528		54.75		29
1438.607639		55.25		28.87
1439.811343		54.75		28.87
1440.922454		54.5		25
1442.078704		54.75		29
1443.189815		55		28.87
1444.347222		54.25		28.94
1445.458333		55		28.94
1446.569444		55		28.94
1447.680556		55		29.06
1448.78125		54.75		29.12
1449.892361		54.75		29.25
1451.003472		55		29.44
1452.114583		55		29.5
1453.219907		55		29.62
1454.331019		54		29.75
1455.44213		55		29.94
1456.784722		54.5		30.12
1457.94213		54.75		30.31
1459.053241		54.75		30.5
1460.164352		55		30.69
1461.275463		55		30.87
1462.386574		55		31.06
1463.496528		54.75		31.31
1464.607639		54.75		31.44
1465.71875		54.75		31.69
1466.829861		54.5		31.87
1467.987269		54.75		32
1469.137731		54.5		32.25
1470.241898		54.5		32.44
1471.347222		53.75		32.56
1472.458333		53.75		33.44
1473.614583		53.75		33.63
1474.725694		53.75		33.75
1475.836806		53.25		33.94
1476.947917		53.25		34.06
1478.059028		53.25		34.19
1479.170139		52.5		34.25
1480.28125		52.5		34.38
1481.392361		52.25		34.44
1482.503472		52		34.5
1483.614583		52		34.56
1484.725694		51.75		34.56
1485.835648		52		34.63
1486.946759		51.5		34.69
1488.05787		51.5		34.69
1489.168981		51.75		34.69
1490.280093		51.5		34.69
1491.476852		52.25		34.75
1492.587963		51.75		34.75
1493.699074		51.75		34.75
1494.810185		51.75		34.75
1495.921296		52		34.75
1497.032407		51.5		34.69
1498.189815		52.25		34.75
1499.341435		52		34.69
1500.449074		52		34.69
1501.560185		51.75		34.69
1502.671296		52		34.69
1503.782407		51.75		34.63
1504.924769		52		34.63
1506.034722		52.25		34.63
1507.145833		51.25		34.56
1508.766204		52.5		34.56
1510.016204		52		34.5
1511.122685		52.5		34.5
1512.233796		52.5		34.44
1513.344907		52.75		34.38
1514.456019		52.25		34.38
1515.56713		52.25		34.31
1516.81713		53		34.25
1517.974537		53		34.25
1519.082176		53		34.19
1520.190972		53		34.13
1521.302083		53		34.06
1522.413194		53		34.06
1523.570602		53.25		34
1524.680556		53.25		33.94
1525.791667		52.75		33.88
1527.921296		54		33.88
1529.263889		53.75		33
1530.371528		53.5		33.75
1531.575231		54		33.69
1532.729167		54		32.88
1533.840278		53.75		32.88
1534.951389		54		33.63
1536.0625		53.25		32.81
1537.266204		53.75		33.63
1538.5625		54.25		33.63
1539.672454		54		32.81
1540.821759		54.25		32.81
1541.96875		54.5		32.63
1543.078704		54		32.63
1544.189815		54		32.63
1545.486111		54.5		32.56
1546.643519		54.5		32.5
1547.800926		54.75		32.69
1548.912037		54.5		32.56
1550.069444		54.75		32.56
1551.226852		54		32.69
1552.523148		54.5		32.69
1553.679398		54.25		32.81
1555.021991		54.75		32.88
1556.179398		54		32.94
1557.475694		54.5		33.06
1558.633102		53.75		33.19
1560.146991		54.5		34
1561.256944		55		33.38
1562.368056		55.25		33.56
1563.479167		54.75		33.69
1564.590278		54.25		33.81
1565.701389		54.25		33.94
1566.84375		54.25		34.06
1567.954861		54.25		34.19
1569.065972		54		34.31
1570.177083		54.25		34.5
1571.288194		54.25		34.63
1572.399306		54		34.81
1573.510417		53.75		35
1574.621528		53.75		35.81
1575.732639		53.75		35.94
1576.884259		53.5		36.06
1577.984954		53.5		36.19
1579.096065		53.5		36.31
1580.202546		53.25		36.38
1581.333333		52.25		36.44
1582.583333		53		36.5
1583.740741		52.75		36.56
1584.851852		52.25		36.63
1585.962963		52.5		36.69
1587.074074		51.75		36.69
1588.509259		52.75		36.75
1589.663194		52.5		36.75
1590.809028		51.5		36.75
1591.920139		52		36.75
1593.03125		52.25		36.75
1594.142361		52.25		36.75
1595.247685		52.5		36.75
1596.358796		52.25		36.75
1597.461806		52.75		36.75
1598.572917		52.5		36.69
1599.684028		52.75		36.69
1600.827546		52.75		36.69
1601.938657		52.5		36.69
1603.049769		52.5		36.63
1604.16088		52.25		36.63
1605.271991		52.75		36.56
1606.383102		52.25		36.56
1607.493056		52.5		36.5
1608.604167		52.75		36.5
1609.716435		52.5		36.44
1610.827546		52.5		36.44
1611.940972		53		36.38
1613.09838		53.25		36.31
1614.194444		53.5		36.31
1615.305556		53		36.25
1616.462963		53.5		36.25
1617.62037		53.25		36.19
1618.730324		53.5		36.13
1619.820602		53.5		36.06
1620.931713		53.75		36
1622.042824		53.5		35.94
1623.153935		53.5		35.94
1624.311343		53.75		35.88
1625.421296		53.75		35.88
1626.532407		53		35.75
1628.194444		54		35.75
1629.443287		53.5		34.75
1630.693287		54		35.56
1631.804398		53.5		34.63
1632.915509		53.75		35.5
1634.211806		54.25		35.44
1635.322917		54.25		34.69
1636.675926		54.75		34.69
1637.833333		54.75		34.69
1638.944444		54.25		34.75
1640.101852		54.5		34.81
1641.212963		55		34.88
1642.324074		55		35
1643.435185		54.75		35.06
1644.546296		54.25		35.13
1645.652778		55.25		35.25
1646.763889		55.25		35.44
1647.855324		55.5		35.5
1648.966435		55		35.63
1650.116898		55.5		35.81
1651.224537		55		35.94
1652.335648		54.75		36.06
1653.445602		54.25		36.25
1654.556713		54.5		36.44
1655.71412		55		36.5
1656.778935		55		36.69
1657.936343		54.5		36.81
1659.047454		55.25		37
1660.28588		54.5		37.13
1661.428241		54.75		37.25
1662.539352		54.5		37.44
1663.650463		54.25		37.56
1664.80787		54.25		37.69
1665.921296		54.25		37.81
1667.032407		54		37.94
1668.143519		53.25		38.06
1669.25463		53.25		38.81
1670.365741		53.5		38.94
1671.476852		53.25		39.06
1672.586806		52.75		39.19
1673.741898		53.25		39.31
1674.853009		52.75		39.38
1675.96412		52.75		39.44
1677.056713		52.5		39.5
1678.166667		52.25		39.56
1679.325231		52.75		39.63
1680.436343		52.5		39.63
1681.528935		52.25		39.69
1682.658565		52.75		39.69
1683.768519		52.5		39.69
1684.87963		52		39.75
1686.119213		52.75		39.75
1687.230324		52.5		39.75
1688.341435		52.5		39.75
1689.474537		52.75		39.75
1690.581019		52.25		39.69
1691.865741		53		39.69
1693.023148		53		39.69
1694.087963		52.75		39.69
1695.244213		52.75		39.69
1696.355324		52.5		39.63
1697.466435		53		39.56
1698.577546		52.5		39.56
1699.688657		52.5		39.5
1700.799769		52.5		39.5
1701.91088		53		39.44
1703.021991		53		39.44
1704.133102		52.75		39.38
1705.244213		53		39.38
1706.354167		52.75		39.31
1707.511574		53.25		39.25
1708.622685		53		39.19
1709.733796		52.75		39.19
1710.888889		53.25		39.13
1712		53.5		39.06
1713.111111		53.5		39.06
1714.222222		53.5		39
1715.333333		53.75		38.94
1716.62963		54.25		38.88
1717.740741		53.75		38.06
1718.851852		53.75		38.75
1719.997685		54		38.69
1721.103009		54		37.88
1722.21412		54		38.06
1723.325231		53.5		38.06
1724.806713		54.25		38.75
1726.010417		54.5		38.06
1727.121528		54.5		38.25
1728.232639		54.25		38.31
1729.388889		54.5		38.31
1730.493056		54.5		38.38
1731.670139		54.75		38.5
1732.78125		54.75		38.56
1733.892361		54.75		38.63
1735.003472		55		38.75
1736.153935		54.75		38.88
1737.265046		54.75		38.94
1738.376157		54.75		39.06
1739.487269		54.75		39.19
1740.601852		54.75		39.25
1741.712963		54.25		39.31
1742.824074		54		39.44
1743.935185		54.25		39.56
1745.046296		54.25		39.69
1746.170139		54.25		39.81
1747.280093		54.25		39.88
1748.391204		54		40
1749.502315		54		40.13
1750.824074		54.5		40.19
1751.949074		54.5		40.31
1753.101852		54.25		40.38
1754.181713		54.25		40.5
1755.3125		54.25		40.63
1756.423611		54		40.69
1757.523148		54		40.81
1758.664352		53.25		40.88
1759.780093		53		41.63
1760.891204		53		41.75
1762.048611		53.5		41.81
1763.159722		53.25		41.88
1764.270833		53.5		42
1765.381944		52.75		42.06
1766.724537		53.5		42.06
1767.881944		53.25		42.13
1768.997685		52.5		42.19
1770.103009		53		42.19
1771.25463		53		42.19
1772.365741		52.75		42.19
1773.476852		52.75		42.19
1774.587963		52.75		42.19
1775.699074		53		42.19
1776.796296		53.25		42.19
1777.90625		53.25		42.19
1779.060185		53		42.19
1780.159722		53.25		42.13
1781.362269		53.75		42.13
1782.46412		53.5		42.13
1783.575231		53.25		42.06
1784.686343		52.5		42.06
1786.028935		53.25		42
1787.140046		53.25		42
1788.297454		52.5		41.94
1789.408565		53		41.94
1790.519676		53		41.88
1791.655093		53.5		41.81
1792.78588		53.5		41.75
1793.896991		53.5		41.75
1795.006944		53.25		41.69
1796.118056		53		41.63
1797.275463		52.75		41.56
1798.571759		53.5		41.5
1799.775463		53		41.44
1800.873843		53.25		41.38
1801.978009		53.25		41.38
1803.175926		53.75		41.25
1804.300926		53.5		41.19
1805.756944		54.25		41.13
1806.972222		53.75		40.25
1808.083333		54		41
1809.194444		54.25		40.19
1810.305556		54.25		40.13
1811.451389		54.5		40.06
1812.561343		54.5		40
1813.673611		54		39.94
1814.960648		54.5		39.88
1816.118056		54.5		39.75
1817.229167		54.25		39.63
1818.386574		54.5		40.06
1819.497685		54.5		25
1820.608796		54.5		39.38
1821.719907		55		39.44
1822.922454		54.75		39.38
1824.033565		55		39.38
1825.144676		55.25		39.38
1826.255787		55		39.38
1827.362269		55.5		39.38
1828.519676		54.75		39.44
1829.667824		55.5		39.5
1830.770833		55.5		39.5
1831.881944		55		39.56
1832.984954		55.5		39.63
1834.096065		55.5		39.75
1835.202546		55.25		39.75
1836.3125		55.75		39.88
1837.423611		55.5		39.94
1838.52662		55.25		40.13
1839.684028		54.75		40.13
1840.793981		54.75		40.25
1841.902778		54.75		40.38
1843.013889		54.5		40.5
1844.128472		54.25		40.56
1845.239583		54		40.69
1846.350694		54.25		40.81
1847.693287		54.75		40.94
1848.850694		54.5		41.06
1849.961806		55		41.13
1851.071759		55		41.19
1852.18287		55		41.31
1853.293981		55		41.5
1854.40625		54.5		41.56
1855.517361		54.5		41.63
1856.628472		54.25		41.69
1857.739583		53.75		41.81
1858.850694		54		42.56
1859.961806		54.25		41.88
1861.071759		54		41.94
1862.18287		53		42
1863.373843		53.5		42.81
1864.484954		53.75		42.88
1865.634259		53.75		42.94
1866.74537		53.75		42.94
1867.855324		53		43
1868.966435		53.25		43
1870.170139		53.75		43
1871.28125		53		43
1872.416667		53.25		43
1873.574074		53.75		43
1874.731481		53.5		43
1875.844907		53.25		43
1876.950231		53.25		42.94
1878.061343		53.25		42.94
1879.268519		53.75		42.94
1880.417824		53.5		42.88
1881.527778		53.5		42.88
1882.638889		53.5		42.88
1883.740741		53.25		42.81
1884.855324		53.5		42.75
1885.966435		53.75		42.75
1887.077546		53.75		42.69
1888.188657		53.25		42.69
1889.299769		53		42.63
1890.457176		53.5		42.56
1891.604167		53.25		42.5
1892.715278		53.25		42.5
1893.826389		53.5		42.44
1894.9375		53.5		42.38
1896.048611		53.5		42.38
1897.159722		53.75		42.25
1898.270833		53.5		42.19
1899.378472		53.25		42.13
1900.528935		53.25		42.13
1901.917824		54		42.06
1903.121528		53.75		41.25
1904.371528		54.25		41.94
1905.527778		54.25		41.13
1906.638889		54		41.06
1907.75		54.25		41
1908.907407		54.5		40.94
1910.018519		54.5		40.88
1911.12963		54.5		40.81
1912.240741		54.5		40.69
1913.351852		54.25		25
1914.462963		54.25		40.75
1915.805556		54.75		40.56
1916.961806		54.75		40.5
1918.072917		55.25		40.31
1919.27662		54.75		25
1920.387731		54.75		40.19
1921.493056		55		25
1922.604167		55		40.19
1923.715278		55		40.25
1924.826389		55.25		40.06
1925.9375		55.25		40.13
1927.048611		55.5		40.13
1928.159722		55.25		40.13
1929.244213		55.25		40.13
1930.396991		55.25		40.13
1931.503472		55.25		40.19
1932.614583		55.25		40.25
1933.725694		55.5		40.25
1934.822917		55.5		40.31
1935.934028		55		40.44
1937.039352		55.75		40.44
1938.150463		55.25		40.5
1939.261574		55.5		40.56
1940.372685		55		40.63
1941.483796		55		40.75
1942.594907		54.75		40.81
1943.703704		55		40.94
1944.813657		55		41
1945.957176		54.75		41.13
1947.055556		54.75		41.25
1948.190972		54.75		41.31
1949.290509		54.25		41.44
1950.633102		54.75		41.56
1951.789352		54		41.69
1952.900463		54.25		41.75
1954.011574		54.25		41.88
1955.168981		54		42
1956.278935		54.25		42.06
1957.390046		53.75		42.19
1958.640046		54.25		42.88
1959.797454		54.5		42.19
1960.908565		53.75		42.44
1962.019676		53.5		43.19
1963.130787		53.75		43.25
1964.288194		53.75		43.31
1965.399306		53.75		43.38
1966.502315		53.75		43.44
1967.613426		53.75		43.5
1968.724537		53.75		43.5
1969.835648		53.75		43.56
1970.939815		53.75		43.56
1972.050926		53		43.63
1973.15625		53		43.63
1974.359954		53.5		43.63
1975.465278		53.5		43.63
1976.715278		54		43.63
1977.826389		53.25		42.88
1979.260417		54		43.56
1980.46412		53.75		42.69
1981.575231		54		43.5
1982.686343		54.25		42.75
1983.797454		54		42.94
1984.908565		54.25		42.94
1986.019676		54		42.94
1987.130787		53.5		43
1988.241898		53.5		43.69
1989.353009		53.75		43.69
1990.46412		54		43.75
1991.575231		54		42.94
1992.685185		54		43.19
1993.796296		54		43.19
1994.953704		53.75		43.19
1996.05787		53.75		43.88
1997.168981		53.75		43.94
1998.280093		53.25		44
1999.391204		53.5		44
2000.510417		53.25		44
2001.680556		53.75		44.06
2002.837963		53.25		44.06
2003.949074		53.5		44.06
2005.054398		53.75		44.06
2006.165509		53.25		44.06
2007.594907		54		44
2008.788194		54		43.25
2009.898148		54		43.13
2010.99537		54		43.06
2012.106481		53.75		43.06
2013.211806		54		43.94
2014.349537		54.25		43.19
2015.460648		54.25		43.13
2016.618056		54.5		43.06
2017.704861		54		43
2019.038194		54.5		43
2020.149306		54		42.94
2021.260417		54		42.88
2022.417824		54.25		42.81
2023.528935		53.5		42.75
2024.96412		54.25		43.5
2026.178241		54		42.69
2027.289352		53.5		42.63
2028.770833		54.25		43.31
2029.928241		54.25		43.19
2031.085648		54.5		43.19
2032.196759		54.5		42.25
2033.306713		54		42.19
2034.880787		54.75		42.06
2036.130787		54.5		42.25
2037.241898		54.5		42.19
2038.353009		54.5		42.13
2039.46412		55		42.13
2040.621528		54.75		42.13
2041.728009		54.25		42.19
2043.0625		54.75		42.19
2044.21412		54.75		42.25
2045.325231		55		42.31
2046.439815		55		42.38
2047.550926		54.75		42.31
2048.662037		55		42.38
2049.819444		54.5		42.44
2050.976852		54.75		42.5
2052.087963		55		42.56
2053.199074		54.75		42.56
2054.310185		54.25		42.69
2055.415509		54		42.75
2056.711806		54.5		42.75
2057.869213		53.5		42.88
2058.980324		53.75		43.5
2060.27662		54.25		43.63
2061.434028		54		42.81
2062.545139		54.25		43.06
2063.65625		54		43.06
2064.767361		54.25		43.13
2065.877315		53.75		43.19
2066.988426		53.5		43.88
2068.19213		54		43.94
2069.349537		52.75		43.31
2070.69213		53.5		44.06
2071.835648		53.5		44.13
2072.946759		53.25		44.13
2074.05787		53		44.19
2075.168981		53.25		44.19
2076.280093		53.25		44.25
2077.391204		53		44.25
2078.496528		53		44.25
2079.700231		53.5		44.31
2080.806713		53.5		44.25
2081.917824		53.5		44.25
2083.028935		53.5		44.25
2084.177083		53.75		44.25
2085.288194		53.5		44.19
2086.399306		53.75		44.19
2087.498843		53.5		44.19
2088.604167		53.75		44.13
2089.715278		53.75		44.13
2090.826389		54		44.06
2091.9375		53.75		43.25
2093.048611		53.75		44
2094.206019		53.75		44
2095.31713		53.75		43.94
2096.428241		54		43.88
2097.539352		53.75		43.13
2098.649306		54		43.81
2099.760417		53.5		43
2100.871528		53.75		43.69
2101.97338		54		43.63
2103.084491		54.25		42.88
2104.195602		54		42.81
2105.353009		53.5		42.75
2106.46412		53.5		43.38
2107.667824		54		43.31
2108.96412		54.5		42.44
2110.12037		54.5		25
2111.231481		54		42.31
2112.527778		54.5		42.25
2113.685185		54.25		42.19
2115.015046		54.75		42.25
2116.210648		54.5		42.19
2117.320602		54.5		42.25
2118.462963		54.75		42.19
2119.574074		54.5		42.25
2120.685185		55		42.19
2121.888889		54.5		42.25
2123		54.5		42.25
2124.111111		55.25		42.31
2125.357639		54.75		42.38
2126.46875		54.75		42.44
2127.579861		55		42.5
2128.690972		55.25		42.5
2129.802083		55		42.56
2130.913194		55		42.63
2132.020833		55.25		42.63
2133.131944		55		42.75
2134.241898		54.75		42.88
2135.353009		54.5		42.94
2136.510417		54.75		43
2137.621528		55		43.19
2138.778935		54.5		43.25
2139.890046		54.25		43.31
2141.186343		54.75		43.38
2142.390046		54.5		43.5
2143.549769		54.75		43.63
2144.664352		55		43.69
2145.775463		54.25		43.81
2146.93287		54.5		43.88
2148.090278		54.75		43.88
2149.201389		54.5		44.06
2150.353009		55		44.06
2151.509259		54.25		44.19
2152.614583		54.25		44.31
2153.725694		54.5		44.38
2154.873843		54.25		44.38
2155.984954		54		44.5
2157.114583		54		44.56
2158.21412		54		44.63
2159.318287		54		44.69
2160.429398		53.75		44.81
2161.540509		54		45.5
2162.65162		53.75		44.81
2163.762731		54		45.56
2164.920139		54.25		44.88
2166.03125		53.5		45
2167.141204		53.75		45.75
2168.252315		53		45.75
2169.641204		53.75		45.75
2170.798611		53.75		45.81
2171.909722		53.25		45.81
2173.113426		53.75		45.81
2174.224537		54		45.75
2175.381944		53.75		45.06
2176.493056		53		45.75
2177.649306		53.5		45.69
2178.760417		53		45.69
2180.149306		53.75		45.63
2181.306713		53.5		45.63
2182.417824		53.75		45.56
2183.523148		53.75		45.56
2184.634259		53.75		45.5
2185.783565		53.5		45.44
2186.894676		53.25		45.44
2187.993056		53.5		45.38
2189.104167		53.5		45.38
2190.21412		53.5		45.31
2191.325231		53.75		45.31
2192.435185		53.75		45.19
2193.546296		53.75		45.13
2194.703704		53.5		45.06
2195.814815		53.75		45
2196.924769		53.75		44.94
2198.03588		53		44.88
2199.378472		53.75		44.88
2200.582176		53.75		44.75
2201.693287		53.75		44.63
2202.804398		54		44.56
2203.915509		53.5		43.81
2205.02662		53.75		44.44
2206.137731		53.75		44.31
2207.248843		53.5		44.25
2208.497685		54		44.19
2209.608796		53.75		43.38
2210.719907		53.75		44.06
2211.831019		54		43.94
2212.940972		53.75		43.19
2214.052083		54		43.81
2215.394676		54.5		43.06
2216.547454		54		43
2217.84375		54.5		42.88
2219.001157		54.5		42.81
2220.112269		54.25		42.75
2221.22338		55		25
2222.424769		54.25		42.63
2223.570602		54.5		42.56
2224.728009		54.75		43.19
2225.857639		55		42.31
2226.96875		55		42.25
2228.079861		55		25
2229.190972		54.75		42.19
2230.288194		55		42.31
2231.399306		55.5		42.19
2232.510417		55		42.19
2233.621528		55.25		42.19
2234.732639		55		42.19
2235.842593		55		42.25
2236.953704		55.5		42.25
2238.064815		55.5		42.31
2239.175926		55.5		42.38
2240.287037		55.75		42.44
2241.398148		55.25		42.44
2242.509259		55.5		42.5
2243.62037		55.25		42.63
2244.731481		55.25		42.63
2245.840278		55		42.69
2246.997685		55		42.81
2248.108796		54.25		42.88
2249.219907		54.25		43
2250.324074		54		43.06
2251.436343		54.25		43.19
2252.581019		54.5		43.31
2253.69213		55.25		43.31
2254.803241		55.25		43.44
2255.914352		55.25		43.56
2257.025463		54.75		43.63
2258.122685		55.25		43.75
2259.219907		55.5		43.88
2260.377315		55		43.88
2261.44213		55.5		43.94
2262.553241		55.25		44.06
2263.710648		55		44.13
2264.775463		55		44.19
2265.93287		54.5		44.31
2267.090278		54.75		44.38
2268.201389		54.5		44.44
2269.405093		54.75		44.56
2270.517361		54.5		44.56
2271.628472		54.5		44.69
2272.739583		54.25		44.81
2273.850694		54		44.81
2274.961806		54.25		44.88
2276.119213		54.5		45
2277.230324		54.5		45.06
2278.341435		54.25		45.13
2279.449074		54.25		45.19
2280.560185		53.75		45.25
2281.842593		54.25		45.88
2283		54		45.25
2284.109954		54		45.38
2285.221065		54.25		45.5
2286.332176		54.25		45.56
2287.443287		54		45.56
2288.554398		53.5		45.63
2289.666667		53.5		46.25
2290.777778		53.75		46.38
2291.887731		54		46.38
2292.998843		54		45.63
2294.104167		54		45.63
2295.230324		53.75		45.69
2296.341435		54		46.44
2297.454861		53.5		45.75
2298.568287		53.75		46.44
2299.679398		53.75		46.44
2300.790509		53.75		46.5
2301.90162		53.5		46.44
2303.012731		53.25		46.44
2304.122685		52.75		46.44
2305.280093		53		46.44
2306.622685		53.75		46.44
2307.780093		53.25		46.44
2308.983796		53.75		46.38
2310.137731		53.25		46.31
2311.248843		53.25		46.31
2312.358796		53.25		46.25
2313.469907		53.5		46.25
2314.581019		53.75		46.19
2315.69213		53.25		46.13
2316.894676		53.75		46.13
2318.005787		53.75		46.06
2319.163194		53.25		46
2320.320602		53.75		45.94
2321.616898		54.25		45.88
2322.774306		54.25		45.06
2323.885417		53.75		44.94
2324.996528		53.25		45.69
2326.100694		53.5		45.63
2327.211806		53.75		45.56
2328.322917		53		45.44
2329.480324		53.5		45.38
2330.637731		53.5		45.31
2331.740741		53.75		45.25
2332.851852		54		45.19
2333.962963		54		45.13
2335.074074		53.75		44.31
2336.185185		53.5		45
2337.435185		54		44.88
2338.591435		53.75		44
2339.702546		54		44.75
2340.813657		54		44.69
2341.924769		54		44.63
2343.030093		54.25		25
2344.141204		53.5		43.63
2345.993056		54.5		44.38
2347.289352		54.75		43.44
2348.400463		55		43.31
2349.510417		55.25		43.38
2350.667824		54.5		43.38
2351.780093		55		43.31
2352.890046		55		43.31
2354.001157		55		43.31
2355.112269		55		43.31
2356.22338		55.25		43.31
2357.334491		55.25		43.38
2358.445602		55.25		43.38
2359.556713		55		43.44
2360.667824		55.25		43.44
2361.778935		55.5		43.5
2362.890046		55.5		43.56
2364		55.25		43.63
2365.138889		55.25		43.69
2366.240741		55.25		43.75
2367.34375		55		43.81
2368.454861		55		43.88
2369.565972		54.5		43.88
2370.677083		55		44
2371.810185		55.25		44.13
2372.922454		55.25		44.19
2374.033565		55.25		44.25
2375.144676		55.25		44.31
2376.255787		55		44.38
2377.366898		55.25		44.38
2378.478009		55.25		44.5
2379.58912		55		44.56
2380.700231		55.25		44.63
2381.810185		55		44.63
2382.921296		55		44.75
2384.032407		54.5		44.81
2385.143519		54.5		44.88
2386.300926		54.75		44.94
2387.458333		54.75		44.94
2388.569444		54.5		45.06
2389.680556		54.5		45.13
2390.837963		54.75		45.19
2391.949074		54.5		45.25
2393.106481		54.5		45.31
2394.216435		54		45.38
2395.744213		54.75		45.38
2396.994213		54.5		45.5
2398.105324		53.75		45.56
2399.355324		54.25		46.19
2400.512731		53.75		45.56
2401.611111		54		46.31
2402.715278		54.25		45.5
2403.828704		54		45.75
2404.939815		53.75		45.81
2406.230324		54.25		46.44
2407.387731		54.25		45.69
2408.497685		54		45.94
2409.608796		53.75		45.94
2410.719907		54		46.56
2411.831019		53.75		45.81
2412.94213		54		46.63
2414.053241		53.75		46.06
2415.164352		53.75		46.69
2416.275463		54		46.75
2417.386574		54		45.94
2418.497685		53.75		46.19
2419.608796		53.5		46.81
2420.857639		54		46.81
2422.015046		53.5		46
2423.126157		53.5		46.81
2424.237269		53.25		46.81
2425.34838		53.5		46.81
2426.459491		53.5		46.75
2427.570602		53.5		46.75
2428.681713		53.5		46.75
2429.792824		53.5		46.69
2430.903935		53.25		46.69
2432.326389		54		46.63
2433.483796		53.25		45.88
2434.641204		53.5		46.5
2435.744213		53.5		46.5
2437.172454		54.25		46.5
2438.376157		53.75		45.75
2439.520833		53.25		46.38
2440.677083		53.75		46.38
2441.832176		53.75		46.38
2442.943287		53.5		46.31
2444.146991		54		46.25
2445.303241		53.75		45.5
2446.414352		54		46.19
2447.525463		53.5		45.5
2448.775463		54		46.13
2449.886574		53.75		45.31
2450.997685		53.25		46.06
2452.108796		53.25		46.06
2453.3125		53.75		46
2454.469907		53.75		46
2455.581019		53.5		46
2456.783565		54		45.94
2457.940972		53.5		45.19
2459.052083		53.5		45.88
2460.163194		53.75		45.81
2461.413194		54.25		45.75
2462.594907		54.25		45.06
2463.706019		54.25		45.13
2464.81713		54		45.06
2465.928241		54.25		45.06
2467.039352		54.5		45.06
2468.196759		54.5		45
2469.295139		54.25		45
2470.40625		54.25		45
2471.517361		54.25		45
2472.677083		54.5		45
2473.806713		54.5		45
2474.905093		54.25		45.06
2476.016204		54.25		45.06
2477.127315		54		45.13
2478.423611		54.5		45.13
2479.581019		54		45.19
2480.877315		54.5		45.19
2482.034722		54.25		45.25
2483.144676		54		45.25
2484.255787		54.25		45.31
2485.59838		54.75		45.38
2486.755787		54		45.44
2488.052083		54.5		45.44
2489.209491		54.25		45.56
2490.320602		54.5		45.56
2491.431713		54.25		45.63
2492.582176		54.5		45.63
2493.693287		54.5		45.63
2494.804398		54.5		45.69
2495.914352		54.5		45.75
2497.071759		54.5		45.81
2498.170139		54.5		45.88
2499.28125		54		45.94
2500.392361		54		45.94
2501.503472		54		46
2502.614583		54		46
2503.725694		54		46.06
2504.836806		53.75		46.13
2505.947917		53.75		46.75
2507.08912		53.5		46.81
2508.200231		53.5		46.88
2509.295139		53.75		46.94
2510.400463		53.5		46.94
2511.511574		53.75		46.94
2512.666667		53.75		46.94
2513.777778		53.5		46.94
2514.888889		53.75		46.94
2516		53.5		46.94
2517.203704		54		46.88
2518.361111		53.75		46
2519.472222		53.5		46.88
2520.583333		53.75		46.81
2521.693287		53.5		46.75
2522.793981		53.25		46.75
2523.996528		53.75		46.69
2525.153935		53.75		46.63
2526.265046		53.5		46.63
2527.462963		54		46.56
2528.62037		54		45.75
2529.731481		53.75		45.94
2530.842593		53.75		46.5
2532.092593		54.25		46.44
2533.238426		54		45.69
2534.350694		53.75		45.81
2535.461806		54		46.38
2536.614583		54		45.63
2537.725694		53.75		45.81
2538.986111		54.25		46.38
2540.097222		54		45.56
2541.208333		54		45.63
2542.365741		53.75		45.81
2543.476852		54		46.38
2544.590278		54		45.75
2545.700231		53.75		45.75
2546.803241		54		46.38
2547.914352		53.5		45.63
2549.164352		54		46.38
2550.275463		54		45.63
2551.386574		53.75		45.75
2552.673611		54.25		46.38
2553.784722		53.75		45.5
2554.894676		54		46.38
2556.052083		53.5		45.69
2557.163194		53.75		46.38
2558.402778		54.25		46.38
2559.560185		53.5		45.69
2561.041667		54.25		46.38
2562.199074		54		45.63
2563.310185		54.25		45.81
2564.421296		54.25		45.81
2565.532407		53.75		45.81
2567.060185		54.5		46.38
2568.263889		54.5		45.63
2569.373843		54.25		45.81
2570.484954		54.25		45.81
2571.596065		54		45.88
2572.707176		54.25		45.88
2573.818287		54.25		45.94
2574.971065		54		45.94
2576.082176		54.25		45.94
2577.189815		54		46
2578.300926		54		46
2579.412037		54		46.06
2580.523148		54		46.06
2581.634259		54.25		46.13
2582.738426		53.75		46.13
2583.891204		53.5		46.75
2584.956019		53.75		46.81
2586.112269		53.75		46.81
2587.59375		54.5		46.88
2588.791667		54.5		46.19
2589.902778		53.5		46.25
2591.753472		54.5		46.88
2593.049769		54.5		46.25
2594.16088		53.75		46.31
2595.41088		54.25		46.88
2596.568287		53.75		46.25
2597.818287		54.25		46.94
2598.975694		54.25		46.31
2600.086806		54		46.38
2601.197917		54		46.38
2602.30787		53.75		46.38
2603.418981		53.5		47
2604.622685		54		47.06
2605.780093		54.25		46.25
2606.891204		54.25		46.38
2608.048611		54.5		46.44
2609.159722		54.5		46.44
2610.270833		54.25		46.44
2611.381944		54		46.44
2612.493056		54.25		46.5
2613.633102		54.5		46.5
2614.743056		54.5		46.5
2615.854167		54		46.56
2616.962963		54		46.5
2618.070602		54		46.56
2619.22338		54		46.63
2620.334491		53.5		46.63
2621.444444		53.75		47.25
2622.555556		53.5		47.31
2623.759259		54		47.31
2624.916667		53.5		46.56
2626.027778		53.5		47.25
2627.138889		53.5		47.25
2628.25		53.5		47.25
2629.361111		53.75		47.25
2630.472222		53.75		47.25
2631.576389		53.5		47.25
2632.6875		53.75		47.25
2633.798611		53.75		47.19
2634.956019		54		47.19
2636.06713		53.5		46.5
2637.270833		54		47.13
2638.613426		54.5		46.44
2639.768519		54.25		46.44
2640.861111		54.25		46.44
2642.018519		54.5		46.44
2643.118056		54.5		46.44
2644.277778		54.75		46.44
2645.435185		54.25		46.44
2646.546296		54.5		46.5
2647.689815		53.75		46.5
2648.804398		53.75		47.13
2649.90625		53.75		47.13
2651.15625		54.25		47.19
2652.31713		53.75		46.56
2653.425926		54		47.19
2654.523148		53.5		46.44
2655.634259		53.75		47.19
2656.744213		53.5		47.19
2657.994213		54		47.13
2659.15162		53.5		46.44
2660.262731		53.25		47.13
2661.65162		54		47.13
2662.855324		53.5		46.44
2663.966435		53.75		47.06
2665.077546		53.75		47.06
2666.188657		53.5		47.06
2667.391204		54		47
2668.548611		53.75		46.19
2669.798611		54.25		46.94
2670.956019		54		46.25
2672.06713		54		46.31
2673.350694		54.5		46.31
2674.508102		54.25		46.25
2675.665509		54.5		46.25
2676.77662		53.5		46.25
2678.258102		54.25		46.88
2679.452546		54.5		46.06
2680.563657		54.25		46.06
2681.673611		54.25		46.06
2682.831019		54.25		46.06
2683.94213		54.5		46.06
2685.053241		54		46
2686.164352		54		46.06
2687.275463		54		46.25
2688.424769		54		46.19
2689.53588		54		46.19
2690.826389		54.5		46.19
2691.983796		54.25		46.19
2693.094907		54		46.19
2694.391204		54.5		46.19
2695.548611		54		46.25
2696.658565		53.75		46.25
2697.769676		54		46.88
2698.880787		53.75		46.19
2699.991898		54		46.88
2701.09838		54.25		46.19
2702.209491		54		46.31
2703.356481		53.75		46.25
2704.467593		54		46.94
2705.578704		54.25		46.19
2706.689815		53.75		46.31
2707.800926		54		46.94
2709.097222		54.5		46.19
2710.237269		54.5		46.38
2711.34838		54.25		46.38
2712.459491		54.25		46.38
2713.563657		54.25		46.44
2714.674769		54		46.44
2715.832176		54.25		46.5
2716.943287		54		46.5
2718.054398		54		46.5
2719.145833		53.75		46.5
2720.256944		54		47.19
2721.368056		53.5		46.38
2722.479167		53.25		47.19
2723.68287		53.75		47.25
2724.828704		53.75		47.25
2725.93287		53.5		47.25
2727.043981		53.75		47.19
2728.153935		53.75		47.25
2729.265046		53.75		47.19
2730.422454		54		47.19
2731.533565		53.5		46.44
2732.644676		53.5		47.13
2733.75463		53.75		47.06
2734.865741		53.75		47.06
2735.976852		53.5		47.06
2737.087963		53.75		47
2738.199074		53.75		47
2739.310185		53.5		46.94
2740.420139		53.75		46.94
2741.53125		53		46.88
2742.734954		53.5		46.88
2743.847222		53.5		46.81
2744.958333		53		46.81
2746.300926		53.75		46.75
2747.50463		54		46.69
2748.615741		53.75		45.81
2749.726852		54		46.56
2750.837963		53.75		45.75
2751.949074		54		46.44
2753.060185		53.75		45.75
2754.170139		54		46.38
2755.28125		54		45.56
2756.577546		54.5		45.75
2757.734954		54.5		45.69
2758.892361		54.25		45.69
2759.996528		54		45.69
2761.517361		54.75		45.63
2762.762731		54.25		45.69
2763.861111		53.75		45.69
2765.805556		54.75		46.31
2767.101852		54.5		45.63
2768.212963		54		45.81
2769.324074		54.25		45.75
2770.435185		53.75		45.81
2771.547454		54		46.44
2772.658565		54.25		45.69
2773.815972		54.5		45.88
2774.912037		54.5		45.81
2776.023148		54.5		45.88
2777.180556		54.75		45.94
2778.337963		54.25		45.94
2779.449074		54.25		46
2780.560185		54.5		46
2781.671296		54.5		46.13
2782.828704		54		46.13
2783.939815		54		46.19
2785.050926		54.25		46.19
2786.16088		54		46.19
2787.271991		54.25		46.25
2788.429398		54.5		46.31
2789.549769		53.75		46.31
2790.799769		54.25		46.94
2791.957176		53.75		46.25
2793.206019		54.25		47
2794.351852		53.75		46.25
2795.606481		54.25		47
2796.736111		53.75		46.44
2797.878472		54		47.06
2798.989583		54		46.38
2800.099537		53.75		46.5
2801.210648		53.75		47.13
2802.460648		54.25		47.13
2803.618056		54.25		46.5
2804.729167		54.25		46.56
2805.840278		54.25		46.56
2806.939815		54.25		46.56
2808.097222		54		46.63
2809.207176		54		46.63
2810.318287		54.25		46.63
2811.429398		54.25		46.63
2812.540509		54		46.69
2813.65162		54		46.75
2814.762731		53.75		46.75
2816.012731		54.25		47.38
2817.170139		54.25		46.69
2818.28125		54.5		46.81
2819.438657		53.75		46.75
2820.548611		54		47.44
2821.649306		54.25		46.69
2822.760417		54		46.81
2823.905093		54.25		46.88
2825.016204		53.75		46.88
2826.126157		54		47.5
2827.237269		54.25		46.81
2828.336806		54.25		46.88
2829.447917		54.25		46.94
2830.559028		54		46.88
2831.702546		53.5		46.94
2833.137731		54.25		47.56
2834.335648		54		46.88
2835.446759		54		47
2836.55787		54.25		47
2837.668981		54		47
2838.780093		53.75		47.06
2839.927083		53.75		47.75
2841.038194		54		47.69
2842.149306		54		46.94
2843.260417		53.75		47
2844.371528		53.75		47.75
2845.482639		53.5		47.75
2846.59375		53.5		47.75
2847.703704		53.5		47.75
2848.814815		53.75		47.75
2849.925926		53.75		47.75
2851.037037		54		47.69
2852.148148		53.5		46.94
2853.259259		53.25		47.63
2854.459491		53.75		47.56
2855.616898		53.75		47.56
2856.728009		53.5		47.5
2857.931713		54		47.5
2859.08912		53.75		46.69
2860.188657		53.5		47.38
2861.346065		53.75		47.38
2862.457176		53.75		47.31
2863.568287		53.25		47.31
2864.957176		54		47.25
2866.135417		53.75		46.44
2867.424769		54.25		47.13
2868.578704		53.75		46.25
2869.673611		53.75		47.06
2870.766204		53.75		47
2871.90625		54		47
2873.017361		53.75		46.19
2874.128472		54		46.94
2875.239583		54.25		46.06
2876.386574		53.75		46
2877.487269		53.75		46.81
2878.737269		54.25		46.75
2879.893519		54.25		45.88
2880.99537		54		45.81
2882.105324		54.25		45.81
2883.216435		54		45.94
2884.327546		54		45.94
2885.438657		54		45.88
2886.734954		54.5		45.81
2887.892361		54		45.81
2889.003472		54		45.75
2890.127315		54.25		45.81
2891.447917		54.75		45.75
2892.65162		54.5		45.75
2893.740741		54.25		45.75
2894.862269		54.25		45.81
2896.204861		54.75		45.88
2897.362269		54.5		45.81
2898.453704		54.5		45.88
2899.584491		54.5		45.88
2900.741898		54.75		45.94
2901.887731		54.5		45.94
2902.998843		54.5		46
2904.109954		54.5		46.06
2905.221065		54.25		46.06
2906.543981		54.75		46.13
2907.721065		54.75		46.19
2908.822917		54		46.19
2909.934028		54.25		46.25
2911.27662		54.75		46.25
2912.434028		54.75		46.31
2913.545139		54.75		46.38
2914.641204		54.5		46.38
2915.752315		54.5		46.44
2916.863426		54.5		46.44
2918.019676		54.75		46.5
2919.177083		54.25		46.56
2920.288194		54.5		46.56
2921.445602		54.25		46.56
2922.556713		54.25		46.63
2923.667824		54.25		46.63
2924.778935		54.5		46.69
2925.890046		54.25		46.75
2927.001157		54.25		46.81
2928.138889		54.25		46.81
2929.268519		54		46.88
2930.356481		54		46.88
2931.467593		54.25		46.94
2932.569444		53.75		47
2933.829861		54.25		47.63
2934.998843		53.75		46.88
2936.094907		54		47.69
2937.219907		54		47.13
2938.346065		53.75		47.13
2939.465278		53.75		47.75
2940.553241		53.75		47.75
2941.674769		54		47.81
2942.792824		53.5		47.13
2943.909722		53.5		47.81
2945.136574		54		47.81
2946.260417		54		47
2947.405093		53.75		47.06
2948.505787		54		47.75
2949.627315		54		47
2950.715278		53.25		47.13
2951.918981		53.75		47.75
2953.064815		54		47.75
2954.1875		54		46.94
2955.275463		53.75		47.13
2956.560185		54.25		47.75
2957.706019		54		47.06
2958.805556		53.25		47.13
2959.939815		53.5		47.75
2961.027778		53.75		47.69
2962.173611		53.25		47.69
2963.591435		54		47.69
2964.766204		53.5		46.88
2965.888889		53.5		47.69
2967.115741		54		47.63
2968.232639		53.75		46.88
2969.366898		53.5		47.63
2970.449074		53.5		47.56
2971.583333		53.25		47.56
2972.99537		54		47.5
2974.175926		53.5		46.81
2975.414352		54		47.44
2976.560185		53.75		46.63
2977.648148		53.25		47.44
2978.840278		53.75		47.38
2980.020833		54		47.31
2981.108796		54		46.63
2982.243056		53.75		46.69
2983.342593		53.75		47.31
2984.434028		53.75		47.25
2985.553241		54		47.25
2986.6875		53.5		46.44
2987.787037		53.75		47.19
2988.898148		53.75		47.13
2990.032407		53.5		47.13
2991.247685		54		47.06
2992.381944		54		46.19
2993.527778		54		46.38
2994.627315		53.75		46.31
2995.761574		54		46.94
2996.861111		53.75		46.25
2997.949074		53.75		46.88
2999.233796		54.25		46.81
3000.368056		54		46.13
3001.49537		54		46.19
3002.578704		54.25		46.13
3003.724537		54		46.13
3004.824074		54.25		46.19
3005.958333		54.5		46.13
3007.104167		54.25		46.13
3008.177083		54		46.13
3009.326389		54.25		46.13
3010.414352		54.25		46.13
3011.537037		54.25		46.13
3012.636574		53.75		46.13
3014.175926		54.5		46.75
3015.37963		54.25		46.06
3016.467593		54.25		46.19
3017.613426		54.5		46.25
3018.747685		54.5		46.25
3019.847222		54.5		46.25
3021.027778		54.75		46.31
3022.162037		54.25		46.31
3023.25		54.25		46.31
3024.395833		54.25		46.31
3025.49537		54		46.38
3026.594907		53.75		46.44
3027.866898		54.25		47.06
3029.008102		54.25		46.25
3030.148148		54.25		46.25
3031.236111		54		46.44
3032.37037		54		46.5
3033.458333		54.25		46.5
3034.592593		53.75		46.44
3035.703704		53.75		47.13
3036.8125		54		47.13
3037.914352		53.25		46.44
