0		18.25		18.87
1.657407407		18.75		18.94
2.768518519		18.75		18.87
3.87962963		18.75		18.87
4.990740741		19		18.87
6.100694444		18.75		18.94
7.211805556		19		18.87
8.322916667		19		18.87
9.480324074		19		18.87
10.59143519		19		18.87
11.7025463		18.75		18.94
12.81365741		19.25		18.94
13.91435185		19		18.94
15.01967593		18.75		18.94
16.13078704		19.25		18.94
17.2349537		19.5		18.87
18.39236111		19.25		18.94
19.50347222		19.5		18.94
20.61458333		19.5		18.94
21.71643519		19.25		18.87
22.8275463		19.75		18.94
23.93865741		20		18.87
25.04861111		19.75		18.94
26.15972222		19.5		18.94
27.27083333		19.5		18.94
28.38194444		20		18.87
29.48842593		20.25		18.87
30.64583333		20		18.87
31.75694444		19.75		18.87
32.86805556		20		18.94
33.97916667		20.25		18.94
35.09027778		19.75		18.87
36.18981481		20.25		18.94
37.30092593		20.5		18.94
38.41203704		20.25		18.94
39.52199074		20.5		18.94
40.63310185		20.5		18.94
41.74421296		20.75		18.94
42.85532407		19.75		18.94
43.96643519		20.25		18.94
45.12384259		20.5		18.94
46.2349537		20.5		18.87
47.33912037		20.25		18.94
48.44560185		20.5		18.94
49.55671296		20.5		18.94
50.66203704		20.75		18.94
51.77546296		20.5		18.94
52.88657407		20.75		18.94
53.99768519		20.25		18.94
55.10763889		20.25		18.94
56.21875		20.75		18.87
57.37615741		21		18.94
58.47337963		20.75		18.94
59.59490741		20.75		18.94
60.70601852		21		18.94
61.81597222		20.75		19
62.92708333		21		18.94
64.03819444		21.25		18.94
65.14930556		21		18.94
66.26041667		20.75		18.94
67.37152778		20.75		18.94
68.48263889		20.5		18.94
69.58564815		20.75		18.94
70.69675926		20.75		18.94
71.84375		20.75		19
72.95486111		21		18.94
74.06597222		20.75		18.94
75.17708333		20.5		18.94
76.28819444		21.25		18.94
77.39236111		21		18.94
78.53472222		20.75		18.94
79.64583333		21		18.94
80.75694444		20.75		18.94
81.86805556		21		18.94
82.97916667		21		18.94
84.09027778		21		18.94
85.19444444		20.75		18.94
86.29976852		21		18.94
87.41087963		21		18.94
88.52199074		21.25		18.94
89.63310185		21.25		18.87
90.74421296		21		18.94
91.89930556		21.25		18.94
93.01041667		21.5		18.94
94.12152778		20.75		18.94
95.23263889		21.5		18.87
96.34375		21.25		18.94
97.45486111		21.5		18.94
98.56597222		21.25		18.94
99.67708333		21.25		18.94
100.7881944		21.5		18.94
101.8981481		21.5		18.94
103.0046296		21		18.94
104.1157407		21.75		18.94
105.2268519		21.75		18.94
106.3784722		22		18.94
107.4791667		21.5		18.94
108.59375		21.75		19
109.7060185		21.5		19
110.8171296		21.75		18.94
111.9282407		21.5		18.94
113.0393519		21.75		18.94
114.150463		21.5		18.94
115.2615741		21.75		19
116.3726852		21.75		19
117.4826389		21.75		19
118.6319444		22		18.94
119.7430556		21.75		18.94
120.8541667		22		18.94
121.9652778		22.25		18.94
123.0763889		22		18.94
124.1875		22.25		18.94
125.2974537		21.75		18.94
126.4085648		22.25		18.94
127.5196759		22		18.94
128.630787		22.25		18.94
129.7418981		22.25		19
130.8530093		22.25		19
131.9641204		22.5		18.94
133.0752315		22.25		18.94
134.1863426		22		18.94
135.2974537		22		19
136.4513889		22		19
137.5162037		22.5		18.94
138.6701389		22		19
139.78125		22.75		19
140.8923611		23		19
141.9930556		22.5		18.94
143.099537		22.5		19
144.2094907		22.75		19
145.3206019		22.25		18.94
146.431713		23		18.94
147.5428241		22.75		18.94
148.6539352		22.75		19
149.806713		22.5		18.94
150.9178241		22.75		19
152.0289352		22.75		19
153.1388889		23		19
154.25		23		18.94
155.375		22.75		19
156.4930556		23		19
157.6041667		23		18.94
158.7152778		23		19
159.8263889		22.75		19
160.9375		23		19
162.0486111		23		19
163.1597222		23.25		18.94
164.2696759		23.25		18.94
165.380787		23.25		18.94
166.4918981		23.25		18.94
167.6030093		23.25		18.94
168.7430556		23.25		18.94
169.8541667		23.25		18.94
170.9305556		23.25		18.94
172.0451389		23.5		18.94
173.2013889		23.5		18.94
174.3125		23.25		18.94
175.4236111		22.75		19
176.5347222		23.5		18.94
177.6423611		23		18.94
178.7453704		22.5		18.94
179.8553241		23.25		19
180.9664352		23.75		19
182.0775463		23.5		19
183.2210648		23.75		19
184.3321759		23.25		19
185.443287		23.5		18.94
186.5543981		23.75		18.94
187.6655093		23.5		18.94
188.7766204		23.5		18.94
189.8877315		23.75		18.94
190.9988426		24		18.94
192.1099537		23.75		18.94
193.2199074		23.5		18.94
194.3310185		23.75		18.94
195.4421296		24		18.94
196.5532407		24		18.94
197.6643519		23.75		18.94
198.7731481		24.25		18.94
199.9305556		24.25		18.94
201.0416667		24		19
202.1527778		23.5		19
203.2638889		24		19
204.375		24		19
205.4861111		24.25		19
206.5960648		24		19
207.7071759		24		19
208.818287		24.25		19
209.9293981		24		18.94
211.0405093		24.25		19
212.1516204		24.5		19
213.2974537		24.5		19
214.4085648		24.5		18.94
215.5104167		24.5		18.94
216.6215278		24		19
217.7326389		24.5		19
218.84375		24.5		19
219.9548611		24.75		18.94
221.0659722		24.5		19
222.1770833		24.25		19
223.287037		24.75		18.94
224.3981481		24.75		19
225.5092593		24.5		19
226.6400463		24.75		18.94
227.75		25		19
228.8576389		25		19
229.96875		24.5		19
231.0798611		24.5		18.94
232.1909722		24.5		18.94
233.3298611		24.5		19
234.4293981		25		19
235.5405093		25		19
236.6516204		24.5		19
237.7627315		25.25		19
238.8738426		25		19
239.9849537		25		19
241.0960648		25		19
242.224537		25.25		19
243.3576389		25.25		18.94
244.4606481		25.25		19
245.5543981		25.25		18.94
246.6655093		25.25		19
247.7766204		25.25		19
248.9259259		25.5		19
250.037037		25.25		19
251.1423611		25.25		19
252.2534722		25.25		19
253.3645833		25.5		18.94
254.4756944		25.5		18.94
255.5868056		25.5		18.94
256.6979167		25.75		18.94
257.8078704		25.75		19
258.9537037		25.25		19
260.0648148		25.75		18.94
261.15625		25.5		18.94
262.2789352		25.5		19
263.3900463		25.5		19
264.5011574		25.75		19
265.6122685		25.75		19
266.7337963		25.5		18.94
267.8576389		25.75		18.94
268.9571759		26.25		19
270.068287		25.75		18.94
271.1793981		25.75		18.94
272.28125		26.25		18.94
273.4363426		26		18.94
274.5243056		26		18.94
275.6354167		25.75		19
276.7465278		26		18.94
277.8576389		26		18.94
278.96875		26		18.94
280.0798611		25.5		18.94
281.2314815		26.5		18.94
282.3425926		26.25		18.94
283.4537037		26.25		18.94
284.5543981		25.75		18.94
285.693287		26.25		18.94
286.7928241		26.5		18.94
287.9039352		26.25		18.94
289.0104167		26		18.94
290.1215278		26.75		19
291.2326389		26.5		18.94
292.34375		26.5		18.94
293.4548611		26.25		18.94
294.5659722		26.25		18.94
295.6770833		26.5		18.94
296.8194444		26.5		18.94
297.9305556		26.5		18.94
299.0416667		27		18.94
300.1527778		27		18.94
301.2638889		26.25		18.94
302.375		26.75		18.94
303.4861111		26.5		18.87
304.5972222		26.75		18.94
305.7083333		26.75		18.94
306.818287		26.5		18.94
307.9293981		27		18.94
309.0405093		27		18.94
310.1979167		26.75		18.94
311.2997685		27		18.94
312.40625		27		18.94
313.4965278		27		18.87
314.6539352		27		18.94
315.7650463		27.25		18.94
316.8761574		27		18.94
317.9872685		27		18.94
319.0787037		27.25		19
320.1898148		26.75		18.94
321.2974537		27.25		18.94
322.4502315		26.75		18.94
323.5613426		27.25		18.94
324.6724537		26.75		18.94
325.7835648		26.25		18.94
326.8946759		27.5		18.94
328.005787		27.5		18.94
329.1168981		27.5		18.94
330.2280093		27.5		18.94
331.3391204		27		18.94
332.4490741		27.75		18.94
333.5601852		28		18.94
334.6793981		27.25		18.94
335.7986111		27.25		18.87
336.9097222		28		18.94
338.0196759		27.5		18.94
339.130787		27.25		18.94
340.2418981		28		18.94
341.3530093		27.5		18.94
342.4641204		27.75		18.87
343.6134259		27.75		18.87
344.724537		27.25		18.94
345.8356481		27.5		18.94
346.9467593		27.75		18.87
348.0289352		28.5		18.94
349.1724537		28		18.94
350.2708333		27.75		18.94
351.3668981		27.75		18.94
352.5081019		28.25		18.94
353.6145833		28		18.94
354.7256944		27.25		19
355.8368056		28		18.94
356.9456019		28		18.94
358.056713		28		18.94
359.1608796		28		18.94
360.2719907		28.25		19
361.4143519		28.25		18.94
362.525463		28.25		18.94
363.6365741		28.25		18.94
364.7476852		28.25		18.94
365.8587963		27.75		18.94
366.9606481		28.25		18.94
368.1111111		28.5		18.94
369.2222222		27.75		18.94
370.3333333		28.75		18.94
371.443287		28		18.94
372.5543981		28.5		18.94
373.6655093		28.5		18.94
374.7650463		28.5		18.94
375.8761574		28.75		18.94
377.0185185		28.25		18.94
378.1296296		29		18.94
379.2303241		28.75		18.94
380.3414352		28.75		18.94
381.4513889		28.5		18.94
382.5625		28.5		18.94
383.6759259		28.5		18.94
384.8171296		28.75		18.94
385.9178241		29		18.94
387.0277778		29		18.94
388.1388889		29		18.94
389.25		28.75		18.94
390.3460648		28.75		18.94
391.4953704		29		18.94
392.5949074		29		18.94
393.6944444		29.25		18.94
394.8402778		29		18.94
395.9513889		29		18.94
397.0636574		29		18.87
398.150463		28.5		18.87
399.2928241		29		18.94
400.400463		29.25		18.94
401.5115741		29.25		18.94
402.6226852		29.5		18.94
403.7337963		29		18.87
404.84375		29.5		18.87
405.9548611		29.25		18.94
407.0659722		29.5		18.94
408.1770833		29.25		18.94
409.2905093		29.25		18.87
410.3993056		29.5		18.87
411.5555556		29.25		18.94
412.6666667		29.75		18.94
413.7777778		29.5		18.94
414.8888889		29		18.94
416		29.25		18.94
417.1111111		29.25		18.94
418.2222222		29.75		18.94
419.3333333		29.5		18.94
420.4444444		29.75		18.94
421.5555556		30		18.94
422.6655093		29.75		18.87
423.7766204		29.75		18.94
424.8877315		30		18.94
425.9988426		29.5		18.94
427.1099537		30		18.94
428.255787		30		18.94
429.3657407		29.75		18.94
430.4710648		30		18.94
431.5810185		29.75		18.94
432.6921296		30.25		18.87
433.8032407		30.25		18.94
434.9143519		30.25		18.94
436.025463		30.25		18.94
437.1365741		30		18.94
438.2743056		30		18.94
439.3796296		30.5		18.94
440.4907407		30.25		18.94
441.6018519		30.25		18.94
442.712963		30.25		18.87
443.8240741		30.25		18.94
444.9363426		30		18.94
446.0474537		30.5		18.94
447.1574074		30.75		18.94
448.2685185		30.25		18.94
449.4259259		30.5		18.94
450.537037		30.75		18.94
451.6481481		30.5		18.94
452.7592593		31		18.94
453.8703704		30.25		18.94
454.9814815		30.25		18.94
456.0925926		31		18.94
457.2037037		30.5		18.94
458.3136574		30.5		18.94
459.4247685		30.5		18.94
460.5358796		30.75		18.94
461.6469907		31		18.87
462.7581019		30.25		18.94
463.869213		30.5		18.94
465.0219907		31.25		18.94
466.1284722		31		18.94
467.2395833		30.75		18.94
468.349537		30.75		18.94
469.4490741		30.75		18.94
470.556713		31		18.94
471.6956019		31		18.94
472.806713		30.75		18.94
473.9178241		31.25		18.87
475.0277778		31		18.87
476.1388889		30.5		18.94
477.25		31		18.94
478.3611111		30.75		18.94
479.4722222		30.75		18.94
480.5833333		31.25		18.87
481.6944444		31.25		18.87
482.7962963		31.5		18.94
483.9537037		31.5		18.94
485.0648148		31.5		18.94
486.1331019		30.5		18.94
487.2905093		30.75		18.87
488.4027778		31.5		18.94
489.5138889		32		18.87
490.625		31.25		18.87
491.7361111		31.5		18.94
492.8472222		31.5		18.87
493.9583333		31.25		18.94
495.0694444		31.25		18.94
496.1793981		31.5		18.87
497.2905093		31.75		18.87
498.4016204		31.25		18.87
499.5138889		31.25		18.94
500.6168981		31.75		18.94
501.7280093		31.5		18.87
502.8738426		31.75		18.94
503.9849537		31.5		18.94
505.0960648		31.75		18.87
506.2060185		31.75		18.87
507.3159722		32		18.87
508.4074074		31.5		18.87
509.5648148		32		18.94
510.6759259		32		18.94
511.787037		32		18.94
512.8981481		31.5		18.87
514.0092593		31.75		18.87
515.1076389		32		18.87
516.2175926		31.5		18.87
517.3287037		32.25		18.94
518.4398148		32.25		18.87
519.5509259		32		18.94
520.662037		32.25		18.94
521.7731481		32.25		18.87
522.9259259		32.5		18.87
524.0289352		32.25		18.94
525.1400463		31.75		18.94
526.2511574		32.25		18.94
527.3622685		32.5		18.94
528.4733796		32		18.94
529.5706019		32.5		18.87
530.681713		32.5		18.87
531.8391204		32.25		18.94
532.9502315		32.75		18.87
534.0613426		32.5		18.94
535.1724537		32.75		18.94
536.2743056		32.75		18.94
537.3854167		32.75		18.94
538.4907407		32.75		18.94
539.6018519		32.5		18.94
540.712963		32.5		18.94
541.8240741		32.75		18.94
542.9351852		32.75		18.94
544.0914352		32.5		18.94
545.2025463		32.75		18.94
546.3136574		32.75		18.94
547.4247685		33		18.94
548.5358796		32.75		18.94
549.6469907		33.25		18.94
550.7581019		32.75		18.94
551.869213		33		18.94
552.9803241		32.5		18.94
554.0914352		32.5		18.94
555.2013889		33.25		18.94
556.3125		32.75		18.94
557.4236111		33		18.94
558.5347222		33.25		18.87
559.6759259		33		18.94
560.787037		33		18.87
561.8877315		32.75		18.94
562.9988426		33.25		18.87
564.1099537		33.25		18.94
565.2210648		33.25		18.87
566.3321759		33		18.94
567.443287		33		18.94
568.5543981		33.25		18.87
569.6655093		33.25		18.87
570.8229167		32.75		18.87
571.9201389		33.5		18.94
573.03125		33.25		18.87
574.1377315		33.5		18.87
575.2488426		33.25		18.94
576.3599537		33.25		18.94
577.4699074		33.5		18.87
578.5810185		33.75		18.87
579.6944444		33.75		18.94
580.8043981		33.5		18.87
581.9155093		33.5		18.87
583.0729167		33.5		18.87
584.1377315		33.5		18.87
585.2951389		33.5		18.87
586.3993056		33.25		18.94
587.5104167		33.5		18.87
588.6215278		34		18.87
589.7141204		33.75		18.87
590.8252315		33.75		18.94
591.9780093		34		18.94
593.0891204		33.75		18.94
594.2013889		33.5		18.94
595.3125		33.5		18.94
596.4236111		33.75		18.87
597.5347222		34		18.87
598.6458333		34		18.87
599.755787		34		18.87
600.8668981		34.5		18.87
601.9780093		33.75		18.87
603.0891204		34.25		18.87
604.2002315		34.25		18.94
605.3113426		34		18.87
606.4224537		34		18.87
607.5729167		34.5		18.87
608.6840278		34.25		18.87
609.7916667		34.25		18.87
610.9016204		34.5		18.87
612.0127315		34		18.87
613.1238426		34.25		18.94
614.2349537		34		18.87
615.3460648		34		18.94
616.4571759		34.25		18.87
617.568287		34		18.87
618.6793981		34		18.87
619.7835648		34.5		18.87
620.9398148		34.5		18.87
622.0509259		34.25		18.87
623.162037		35		18.87
624.2662037		34.25		18.87
625.3773148		34.75		18.87
626.4884259		35		18.87
627.599537		34.5		18.81
628.7106481		34.25		18.87
629.8217593		34.75		18.87
630.931713		35		18.87
632.0428241		35		18.81
633.1539352		34.75		18.87
634.2650463		35		18.87
635.4224537		35		18.94
636.5335648		34.5		18.87
637.6446759		35		18.87
638.755787		35		18.87
639.8668981		35.25		18.87
640.9780093		35		18.87
642.0891204		35.25		18.87
643.1990741		35		18.87
644.3078704		35		18.87
645.4108796		35.25		18.87
646.5219907		35		18.87
647.6331019		35.5		18.87
648.744213		35.25		18.87
649.8819444		35.25		18.87
650.9872685		35.25		18.87
652.0983796		35.5		18.87
653.2094907		35		18.87
654.3206019		35.5		18.87
655.46875		35.5		18.87
656.5763889		35.5		18.87
657.6875		35.25		18.87
658.7986111		35.75		18.94
659.9097222		35.25		18.81
661.0196759		35.5		18.87
662.130787		34.75		18.94
663.2372685		35.5		18.87
664.3356481		35		18.87
665.4930556		35.25		18.87
666.6041667		35.25		18.94
667.7152778		35.75		18.87
668.8263889		35.75		18.87
669.9375		36		18.94
671.0474537		35.75		18.87
672.1585648		35.25		18.87
673.2719907		35.75		18.87
674.3819444		35.75		18.87
675.4930556		35.25		18.87
676.6041667		35.75		18.94
677.7152778		36.25		18.87
678.8263889		36		18.87
679.9305556		36		18.87
681.0416667		36.25		18.87
682.1921296		36.25		18.87
683.3032407		35.75		18.87
684.4143519		35.75		18.87
685.5231481		36.5		18.87
686.6342593		35.5		18.87
687.7453704		36		18.87
688.8564815		36		18.87
689.9675926		36		18.87
691.0787037		36.5		18.81
692.1898148		36.25		18.87
693.3009259		36.25		18.87
694.4108796		36.5		18.87
695.5219907		36		18.81
696.6331019		35.75		18.87
697.744213		36.5		18.87
698.9016204		36.5		18.87
700.0127315		36		18.87
701.1238426		36.5		18.87
702.2349537		36.5		18.87
703.3460648		36.25		18.87
704.4571759		36.25		18.87
705.568287		36		18.87
706.6782407		36.75		18.87
707.7893519		36.5		18.87
708.9016204		36.5		18.87
710.0081019		36.5		18.87
711.119213		36.75		18.87
712.2303241		36.75		18.81
713.3414352		36.5		18.87
714.4884259		36.5		18.87
715.5729167		37		18.87
716.7083333		36.75		18.81
717.8113426		36.75		18.87
718.9224537		36.25		18.87
720.0266204		36.75		18.87
721.1377315		36.75		18.81
722.2488426		36.75		18.87
723.3599537		36.75		18.87
724.4710648		37.25		18.87
725.6284722		37.25		18.87
726.7395833		37		18.87
727.8217593		36.75		18.87
728.9259259		36.75		18.87
730.037037		37.25		18.87
731.1944444		36.75		18.87
732.3055556		37		18.87
733.4189815		37		18.87
734.5300926		37.5		18.87
735.6446759		37.25		18.87
736.755787		37		18.87
737.8657407		37.5		18.81
738.9768519		37.25		18.87
740.0671296		36.75		18.87
741.1770833		37.5		18.87
742.2881944		37.25		18.81
743.4456019		37.5		18.81
744.5509259		37.25		18.87
745.6585648		37.5		18.87
746.7696759		37.75		18.87
747.8738426		37.75		18.87
748.9849537		37.75		18.87
750.0949074		37.25		18.87
751.2395833		37.25		18.87
752.3506944		37.75		18.87
753.4421296		37.25		18.87
754.5532407		37.5		18.87
755.6643519		37.75		18.87
756.775463		37.75		18.81
757.8865741		37.75		18.87
758.9976852		37.25		18.87
760.1087963		37		18.81
761.2199074		37.5		18.81
762.3773148		37.75		18.87
763.4872685		37.5		18.87
764.5983796		37.75		18.87
765.7094907		38.25		18.81
766.8206019		37.75		18.81
767.931713		37.75		18.87
769.0428241		38		18.87
770.1400463		38		18.87
771.2511574		37.75		18.81
772.3622685		37.75		18.81
773.4733796		38		18.87
774.6284722		38.5		18.87
775.7372685		37.75		18.87
776.8483796		38.25		18.81
777.9594907		38.25		18.87
779.0706019		38.5		18.87
780.181713		38.25		18.87
781.2928241		38.25		18.87
782.4039352		38		18.87
783.5138889		38.25		18.87
784.625		38.5		18.87
785.7361111		38.25		18.81
786.8472222		38		18.87
787.9918981		38		18.87
789.0891204		38		18.87
790.1921296		38.5		18.87
791.3032407		38.25		18.87
792.4143519		38.5		18.87
793.525463		38.5		18.94
794.6365741		38.5		18.87
795.7476852		38.75		18.87
796.8587963		38.5		18.94
798.0104167		39		18.87
799.1215278		38.75		18.87
800.212963		38.75		18.87
801.3240741		38.75		18.87
802.4351852		38.75		18.87
803.5393519		38.5		18.87
804.6967593		38.5		18.87
805.8078704		38.75		18.87
806.9189815		38.75		18.87
808.0300926		39		18.87
809.130787		39		18.87
810.2418981		39		18.87
811.3530093		39		18.81
812.4641204		39		18.87
813.5740741		39		18.87
814.6851852		38.75		18.87
815.7962963		39.5		18.87
816.9074074		39.25		18.87
818.0185185		39.25		18.87
819.1759259		39.25		18.81
820.287037		39.5		18.87
821.3981481		39		18.87
822.5092593		39.25		18.87
823.6134259		39.25		18.81
824.7210648		39.25		18.87
825.8321759		39.25		18.87
826.9421296		39.25		18.81
828.0532407		39.5		18.87
829.1643519		39		18.87
830.2962963		39.5		18.81
831.4074074		39.5		18.81
832.5185185		39.5		18.87
833.6296296		39.5		18.87
834.7407407		39.5		18.81
835.8518519		39.5		18.81
836.962963		39.75		18.81
838.0740741		39.75		18.87
839.1851852		39.25		18.81
840.3425926		39.5		18.81
841.4525463		39.5		18.81
842.5636574		39.75		18.81
843.6782407		39.5		18.87
844.7893519		39.75		18.87
845.8993056		39.5		18.87
847.0104167		40		18.87
848.1215278		39.75		18.81
849.2326389		39.5		18.81
850.34375		39.75		18.81
851.4548611		40.25		18.81
852.5659722		40.5		18.81
853.6770833		40.25		18.81
854.7881944		40.25		18.87
855.8993056		40.25		18.87
857.0092593		40.25		18.87
858.1203704		39.75		18.81
859.2638889		40.25		18.81
860.3576389		40.5		18.87
861.4861111		40.25		18.81
862.5972222		40.25		18.81
863.7083333		40.5		18.87
864.818287		40.5		18.81
865.9293981		40.5		18.87
867.0405093		40		18.87
868.1516204		40.75		18.81
869.2627315		40.75		18.87
870.3738426		40.5		18.87
871.4849537		40.5		18.81
872.5902778		40.5		18.87
873.7476852		40.25		18.87
874.8587963		40.25		18.87
875.9699074		40		18.81
877.0729167		40.5		18.87
878.1840278		40.5		18.87
879.2951389		40.5		18.87
880.40625		40.25		18.81
881.5173611		40.5		18.81
882.6273148		40.5		18.87
883.7384259		40.5		18.87
884.849537		41		18.81
885.9606481		40.75		18.81
887.0717593		41		18.81
888.2291667		40.75		18.81
889.3402778		40.5		18.81
890.4444444		41		18.81
891.5555556		40.75		18.81
892.6666667		41		18.81
893.7777778		40.5		18.81
894.8784722		41		18.87
895.9884259		41		18.81
897.09375		41.25		18.81
898.2511574		41.25		18.81
899.3622685		41		18.81
900.4594907		40.75		18.81
901.5706019		41		18.81
902.6701389		41.25		18.87
903.8159722		41.25		18.81
904.9270833		41.5		18.87
906.0381944		41.25		18.81
907.1608796		41		18.81
908.2719907		41.75		18.87
909.3831019		41		18.87
910.494213		41.25		18.81
911.5949074		41		18.87
912.7048611		41.25		18.81
913.8159722		41		18.81
914.9270833		41.5		18.81
916.0497685		41.5		18.87
917.1608796		41.25		18.81
918.2719907		41		18.87
919.3831019		41.25		18.87
920.4872685		41.5		18.81
921.5983796		41.25		18.87
922.7094907		41.25		18.81
923.8668981		41.5		18.87
924.9780093		41.5		18.87
926.0891204		41.5		18.81
927.2002315		41.75		18.81
928.3101852		42		18.87
929.4212963		41.75		18.87
930.5289352		41.75		18.81
931.6331019		41.75		18.87
932.7326389		42		18.87
933.8900463		42.5		18.81
935.0011574		42.25		18.87
936.099537		41.75		18.81
937.2106481		41.75		18.81
938.3217593		41.75		18.75
939.4247685		41.5		18.81
940.5358796		42.25		18.81
941.6469907		41.5		18.87
942.8043981		42		18.81
943.9039352		42		18.81
945.0150463		42		18.81
946.1261574		41.75		18.81
947.2372685		42		18.75
948.3483796		42.25		18.81
949.4594907		42.25		18.81
950.5543981		42		18.81
951.7118056		41.75		18.75
952.8229167		42.5		18.81
953.9328704		42.25		18.81
955.0439815		42.25		18.81
956.1550926		42		18.81
957.2662037		42.5		18.75
958.3773148		42.25		18.81
959.4884259		42		18.81
960.599537		43		18.81
961.7106481		42.5		18.81
962.8217593		42.75		18.81
963.9652778		42.5		18.81
965.0763889		43		18.81
966.1875		42.75		18.81
967.2916667		42.75		18.75
968.3946759		42.5		18.81
969.505787		42.25		18.81
970.6168981		43		18.81
971.7280093		43		18.81
972.8391204		42.5		18.81
973.9502315		42.5		18.81
975.0601852		43		18.81
976.1712963		43.25		18.81
977.2824074		42.75		18.81
978.4398148		43		18.81
979.5509259		42.5		18.81
980.650463		42.75		18.81
981.7615741		42.75		18.81
982.8726852		42.75		18.81
983.9837963		42.5		18.87
985.0949074		43		18.81
986.2060185		43.5		18.81
987.3171296		43		18.81
988.4282407		42.75		18.81
989.5393519		43		18.81
990.650463		43		18.81
991.7604167		43.5		18.81
992.9178241		43.5		18.81
994.0289352		43		18.75
995.1400463		43.25		18.81
996.2511574		43.5		18.81
997.3472222		43.5		18.75
998.4583333		43.75		18.75
999.5694444		42.75		18.81
1000.679398		43.5		18.81
1001.790509		43.75		18.81
1002.934028		43.75		18.75
1004.045139		43.25		18.75
1005.159722		43.25		18.81
1006.270833		43.75		18.81
1007.380787		44		18.81
1008.491898		43.25		18.81
1009.587963		43.75		18.81
1010.731481		43.5		18.81
1011.842593		43.75		18.81
1012.957176		43.5		18.81
1014.068287		44		18.81
1015.179398		44		18.81
1016.290509		43.25		18.81
1017.40162		43.5		18.81
1018.512731		43.75		18.81
1019.623843		43.25		18.81
1020.733796		43.75		18.81
1021.844907		44		18.81
1022.956019		44		18.81
1024.06713		43.75		18.81
1025.178241		44.25		18.81
1026.289352		43.25		18.81
1027.400463		43.75		18.81
1028.541667		43.25		18.81
1029.652778		43.5		18.81
1030.763889		43.75		18.81
1031.875		44		18.81
1032.986111		44.25		18.81
1034.096065		43.75		18.81
1035.207176		44		18.81
1036.318287		44.5		18.81
1037.429398		44.5		18.81
1038.570602		44.25		18.81
1039.681713		43.75		18.81
1040.771991		44.75		18.81
1041.881944		44.25		18.81
1042.993056		44.25		18.81
1044.104167		44.25		18.81
1045.261574		44.25		18.81
1046.372685		44.5		18.81
1047.483796		44.25		18.81
1048.594907		44.25		18.81
1049.706019		44.25		18.81
1050.81713		44.5		18.81
1051.928241		44.5		18.81
1053.038194		44		18.81
1054.149306		44.5		18.81
1055.260417		44.5		18.81
1056.371528		44.75		18.81
1057.471065		44.25		18.75
1058.628472		44.25		18.81
1059.739583		44.5		18.81
1060.850694		44.5		18.81
1061.961806		44.75		18.81
1063.072917		44.75		18.81
1064.184028		44.25		18.75
1065.293981		45.25		18.81
1066.405093		44.25		18.81
1067.516204		45		18.81
1068.627315		44.75		18.81
1069.738426		44.75		18.81
1070.840278		45		18.81
1071.996528		44.75		18.81
1073.107639		45		18.81
1074.211806		45		18.81
1075.322917		44.75		18.75
1076.425926		45		18.81
1077.537037		45.25		18.81
1078.648148		45.25		18.81
1079.759259		45		18.81
1080.872685		45		18.81
1081.983796		44.75		18.81
1083.094907		45.5		18.81
1084.206019		45		18.81
1085.354167		45.25		18.81
1086.465278		45.25		18.81
1087.576389		45		18.81
1088.6875		45.25		18.81
1089.798611		45.5		18.81
1090.909722		45.5		18.81
1092.020833		45.5		18.81
1093.130787		45.5		18.81
1094.241898		45.75		18.81
1095.353009		45.5		18.75
1096.462963		45.75		18.81
1097.574074		45.5		18.81
1098.685185		45.5		18.81
1099.795139		45.75		18.81
1100.950231		45.5		18.81
1102.061343		45.5		18.81
1103.172454		45.5		18.81
1104.283565		45.25		18.81
1105.394676		45.5		18.81
1106.50463		45.5		18.81
1107.615741		46		18.81
1108.726852		46		18.81
1109.837963		45.5		18.81
1110.949074		46		18.81
1112.060185		46		18.81
1113.171296		45.25		18.81
1114.282407		46.25		18.81
1115.393519		45		18.81
1116.50463		46		18.75
1117.614583		45.75		18.81
1118.725694		46		18.81
1119.883102		45.5		18.81
1120.994213		46		18.81
1122.105324		45.75		18.81
1123.216435		46.25		18.81
1124.327546		46.25		18.81
1125.43287		46		18.81
1126.543981		46.25		18.81
1127.655093		46.25		18.81
1128.758102		46		18.81
1129.873843		45.75		18.81
1130.996528		46.5		18.81
1132.107639		46		18.81
1133.203704		46.25		18.75
1134.353009		46.75		18.75
1135.440972		45.75		18.81
1136.575231		46.5		18.81
1137.686343		46.5		18.81
1138.797454		46		18.81
1139.908565		46.75		18.75
1141.019676		47		18.81
1142.123843		46.5		18.81
1143.265046		46.75		18.75
1144.376157		46.5		18.75
1145.487269		46.5		18.81
1146.59838		46.5		18.81
1147.697917		46.25		18.75
1148.809028		46		18.81
1149.920139		46.75		18.75
1151.02662		46.5		18.75
1152.137731		47		18.75
1153.248843		46.5		18.81
1154.40625		47		18.75
1155.517361		46.5		18.75
1156.628472		46.75		18.81
1157.739583		46.5		18.75
1158.849537		47		18.81
1159.960648		47		18.75
1161.060185		46.5		18.75
1162.172454		47.25		18.75
1163.283565		47		18.81
1164.394676		47		18.81
1165.505787		47		18.81
1166.616898		46.5		18.81
1167.728009		47.25		18.81
1168.885417		46.75		18.81
1169.99537		47.5		18.75
1171.106481		47		18.81
1172.217593		47		18.81
1173.328704		47		18.81
1174.439815		47		18.81
1175.550926		47.75		18.81
1176.662037		47.5		18.81
1177.774306		47.25		18.81
1178.885417		47.25		18.75
1179.986111		47.5		18.81
1181.097222		47.5		18.81
1182.209491		47		18.81
1183.315972		47.25		18.81
1184.427083		47.75		18.81
1185.584491		47.5		18.81
1186.695602		47.75		18.81
1187.806713		47.25		18.81
1188.917824		47.5		18.81
1190.028935		47.75		18.81
1191.134259		47.5		18.87
1192.24537		47.25		18.81
1193.356481		47.75		18.81
1194.467593		47.5		18.81
1195.578704		47.75		18.81
1196.711806		47.75		18.81
1197.792824		47.75		18.81
1198.945602		47.75		18.75
1200.056713		48		18.81
1201.167824		48.25		18.81
1202.278935		47.25		18.81
1203.390046		47.5		18.81
1204.501157		47.5		18.81
1205.612269		47.25		18.81
1206.72338		47.75		18.81
1207.834491		48		18.81
1208.945602		48		18.81
1210.055556		47.25		18.87
1211.16088		48		18.81
1212.271991		48.25		18.81
1213.409722		48.25		18.81
1214.520833		47.75		18.81
1215.630787		47.75		18.81
1216.741898		48		18.81
1217.84375		48.25		18.81
1218.954861		47.75		18.81
1220.065972		48.25		18.81
1221.200231		48.25		18.81
1222.311343		48.25		18.81
1223.422454		48.25		18.81
1224.533565		48.25		18.81
1225.644676		48.5		18.81
1226.75463		48.5		18.81
1227.865741		48.25		18.81
1228.976852		48.5		18.81
1230.087963		48.5		18.87
1231.199074		48.5		18.81
1232.350694		48		18.81
1233.460648		48.25		18.81
1234.571759		48.25		18.81
1235.68287		48.25		18.81
1236.793981		48.5		18.81
1237.905093		48.25		18.81
1239.016204		48.5		18.81
1240.127315		48.25		18.75
1241.238426		48.25		18.81
1242.335648		48.5		18.75
1243.493056		48.25		18.81
1244.604167		48.5		18.75
1245.715278		48.25		18.75
1246.826389		49		18.75
1247.9375		48.75		18.81
1249.048611		48.75		18.81
1250.159722		48.5		18.81
1251.258102		49.25		18.81
1252.369213		49		18.81
1253.480324		49		18.75
1254.591435		48.5		18.75
1255.702546		48.75		18.75
1256.859954		48.75		18.75
1257.969907		48.5		18.81
1259.081019		48.75		18.81
1260.19213		49.25		18.81
1261.303241		49.25		18.81
1262.414352		49		18.75
1263.525463		48.75		18.81
1264.636574		48.75		18.81
1265.747685		49.25		18.75
1266.858796		49		18.75
1267.957176		49.5		18.75
1269.068287		49.25		18.81
1270.225694		49.25		18.81
1271.336806		48.75		18.75
1272.447917		49		18.75
1273.559028		49		18.81
1274.668981		49.5		18.81
1275.763889		49.25		18.81
1276.875		49		18.75
1277.986111		49		18.81
1279.097222		49.5		18.81
1280.208333		49.25		18.81
1281.347222		49.5		18.81
1282.458333		49.5		18.81
1283.550926		49		18.81
1284.664352		49.25		18.81
1285.775463		49.5		18.81
1286.931713		49.75		18.81
1288.042824		49.5		18.81
1289.153935		49.5		18.81
1290.265046		49.5		18.75
1291.376157		50		18.81
1292.47338		49.5		18.81
1293.584491		50		18.81
1294.695602		49.5		18.81
1295.806713		49.25		18.81
1296.917824		49.5		18.75
1298.028935		50		18.75
1299.140046		49.25		18.81
1300.297454		49.75		18.75
1301.408565		50		18.81
1302.521991		49.5		18.75
1303.633102		49.75		18.81
1304.736111		50		18.81
1305.847222		50.5		18.81
1306.958333		49.75		18.81
1308.069444		50.25		18.81
1309.179398		49.75		18.81
1310.290509		49.75		18.81
1311.393519		50.25		18.81
1312.550926		50.25		18.81
1313.662037		50.25		18.81
1314.762731		50		18.81
1315.873843		50		18.81
1316.984954		50.25		18.81
1318.096065		50		18.81
1319.206019		50.25		18.81
1320.31713		50.25		18.81
1321.428241		50		18.81
1322.539352		50.25		18.75
1323.650463		50.25		18.81
1324.761574		50.25		18.75
1325.872685		50.75		18.75
1327.030093		50.5		18.75
1328.143519		50		18.75
1329.253472		50.5		18.75
1330.364583		50.25		18.81
1331.475694		50.25		18.75
1332.586806		50.5		18.81
1333.697917		50.25		18.81
1334.809028		50.25		18.75
1335.920139		50.5		18.81
1337.03125		50.25		18.75
1338.142361		50.5		18.75
1339.253472		50.5		18.75
1340.358796		50.25		18.75
1341.498843		50.5		18.75
1342.609954		51		18.75
1343.721065		50.75		18.81
1344.832176		50.25		18.75
1345.943287		50.5		18.81
1347.054398		50.5		18.75
1348.165509		51		18.81
1349.27662		50.5		18.75
1350.387731		50.5		18.81
1351.497685		50.75		18.81
1352.611111		51		18.81
1353.722222		51		18.75
1354.831019		51		18.75
1355.94213		51		18.81
1357.053241		51		18.75
1358.164352		50.75		18.75
1359.321759		51		18.81
1360.43287		50.75		18.81
1361.543981		51		18.81
1362.652778		51		18.81
1363.760417		51.5		18.75
1364.871528		51		18.75
1365.982639		51.25		18.75
1367.09375		51.25		18.75
1368.204861		50.5		18.75
1369.314815		50.75		18.75
1370.425926		51.25		18.75
1371.541667		51.25		18.75
1372.655093		50.75		18.75
1373.796296		51.25		18.81
1374.907407		50.75		18.75
1376.152778		51.75		18.75
1377.309028		51.25		18.81
1378.420139		51.75		18.81
1379.53125		51.25		18.81
1380.642361		51		18.81
1381.753472		51.75		18.81
1382.864583		51.5		18.81
1383.975694		52		18.75
1385.133102		50.75		18.75
1386.244213		51.25		18.75
1387.355324		51.75		18.75
1388.466435		52		18.75
1389.577546		51.5		18.75
1390.688657		51.75		18.75
1391.799769		51.75		18.81
1392.91088		51.75		18.75
1394.021991		51.25		18.75
1395.133102		51.75		18.75
1396.244213		51.75		18.81
1397.355324		51.75		18.75
1398.466435		52		18.75
1399.576389		51.75		18.75
1400.6875		52		18.81
1401.833333		52		18.75
1402.930556		52		18.81
1404.041667		52		18.75
1405.144676		52.25		18.81
1406.266204		52.5		18.81
1407.376157		51.75		18.75
1408.515046		51.75		18.75
1409.625		52.25		18.75
1410.736111		51.75		18.75
1411.841435		51.75		18.75
1412.952546		52		18.75
1414.0625		52.5		18.75
1415.173611		52.25		18.75
1416.284722		52.25		18.75
1417.395833		51.75		18.75
1418.538194		52.25		18.75
1419.638889		52.25		18.69
1420.748843		52		18.69
1421.859954		52.5		18.75
1422.971065		51.75		18.75
1424.082176		52		18.75
1425.315972		52.75		18.75
1426.47338		52.5		18.75
1427.584491		52.25		18.75
1428.695602		52		18.75
1429.796296		52		18.75
1431.02662		52.75		18.75
1432.168981		52.75		18.75
1433.296296		52.75		18.75
1434.407407		52.5		18.75
1435.518519		52.5		18.75
1436.628472		52.75		18.75
1437.739583		52.5		18.75
1438.83912		52.5		18.75
1439.96412		53		18.69
1441.075231		52.75		18.75
1442.197917		53		18.69
1443.309028		52.75		18.75
1444.412037		53		18.75
1445.563657		52.75		18.75
1446.674769		52.25		18.69
1447.773148		52.75		18.69
1448.884259		53		18.75
1449.99537		52.75		18.75
1451.106481		52.5		18.75
1452.24537		52.5		18.75
1453.334491		53		18.75
1454.445602		53.25		18.75
1455.556713		52.25		18.75
1456.71412		52.75		18.75
1457.827546		53.25		18.75
1458.938657		53.25		18.75
1460.049769		53.5		18.75
1461.16088		53		18.75
1462.311343		53		18.75
1463.415509		53		18.69
1464.52662		53.25		18.75
1465.636574		53.5		18.75
1466.747685		53.5		18.69
1467.858796		53.25		18.69
1468.969907		53		18.75
1470.081019		53		18.75
1471.284722		53.5		18.75
1472.393519		53.25		18.69
1473.50463		53.25		18.75
1474.615741		53		18.75
1475.773148		53.5		18.75
1476.883102		53.75		18.75
1478.040509		53.5		18.75
1479.15162		53.75		18.75
1480.262731		53.5		18.75
1481.373843		53.75		18.75
1482.484954		53.75		18.75
1483.581019		53.75		18.75
1484.69213		53.25		18.75
1485.895833		53.75		18.75
1487.053241		54		18.75
1488.164352		54		18.75
1489.275463		53.75		18.75
1490.386574		54		18.69
1491.497685		53.5		18.75
1492.729167		54		18.75
1493.840278		54		18.75
1494.950231		53.75		18.75
1496.097222		54		18.75
1497.208333		54.25		18.75
1498.319444		54.25		18.75
1499.420139		54		18.75
1500.530093		54.25		18.75
1501.641204		54		18.75
1502.752315		53.75		18.75
1504.288194		54.5		18.75
1505.491898		54.5		17.94
1506.603009		54.25		17.94
1507.71412		54.25		18.69
1509.010417		54.75		18.75
1510.21412		54.25		18
1511.325231		54.5		18.75
1512.436343		53.5		17.94
1513.917824		54.25		18.75
1515.346065		54.75		18.75
1516.503472		54.75		17.94
1517.614583		54.25		17.94
1518.721065		54.5		18.75
1519.922454		54.75		18.06
1521.033565		54.75		25
1522.144676		54.25		18.06
1523.481481		54.75		18.75
1524.592593		55		18.19
1525.75		54.75		18.19
1526.861111		54.75		18.19
1527.951389		55.25		18.19
1529.061343		55		18.19
1530.172454		55		18.19
1531.283565		54.5		18.25
1532.394676		55.25		18.19
1533.505787		55.5		18.19
1534.616898		56		18.19
1535.728009		55.75		18.19
1536.83912		55.5		18.19
1537.950231		56		18.19
1539.061343		56		18.19
1540.171296		56.25		18.19
1541.282407		55.75		18.31
1542.393519		56.5		18.56
1543.50463		56.5		18.81
1544.615741		56.75		19.06
1545.726852		56		19.25
1546.837963		56.25		19.5
1547.949074		56.25		19.69
1549.060185		56.75		19.87
1550.171296		56.5		20.12
1551.28125		56.75		20.31
1552.391204		55.75		20.5
1553.502315		56		20.75
1554.613426		55.5		20.94
1555.766204		55		21.12
1556.877315		54.5		21.37
1557.987269		54.5		21.56
1559.09838		54.25		21.75
1560.209491		53.75		22.44
1561.320602		53.25		22.69
1562.431713		52.75		22.87
1563.542824		52.25		23.06
1564.653935		51.75		23.19
1565.765046		51.5		23.25
1566.907407		51.25		23.37
1568.018519		50.5		23.5
1569.12963		50.25		23.56
1570.240741		50		23.69
1571.351852		50.5		23.75
1572.462963		50		23.81
1573.574074		50		23.87
1574.6875		50.75		23.94
1575.798611		50.25		24
1576.909722		50		24.06
1578.020833		50.5		24.12
1579.131944		50.5		24.19
1580.243056		49.75		24.25
1581.354167		50.25		24.25
1582.493056		50.5		24.31
1583.604167		50.5		24.31
1584.71412		50		24.31
1585.825231		50.25		24.31
1586.936343		50.25		24.31
1588.065972		50.25		24.37
1589.177083		50.25		24.37
1590.288194		50.25		24.37
1591.390046		50		24.37
1592.501157		50.25		24.37
1593.612269		50.5		24.37
1594.72338		50.25		24.37
1595.834491		50		24.37
1596.944444		50.5		24.31
1598.056713		50.25		24.31
1599.21412		50.5		24.31
1600.325231		50.5		24.31
1601.436343		49.75		24.31
1602.547454		49.5		24.25
1603.658565		49.5		24.25
1604.769676		50.25		24.25
1605.880787		50.25		24.25
1606.991898		50.25		24.25
1608.101852		50.25		24.25
1609.212963		50		24.19
1610.324074		50.25		24.19
1611.435185		50.5		24.19
1612.538194		50.5		24.19
1613.649306		50.5		24.19
1614.806713		50.25		24.19
1615.917824		50.25		24.19
1617.028935		50.25		24.12
1618.226852		51.25		24.12
1619.331019		50.5		24.06
1620.44213		50.75		24.06
1621.553241		50		24.06
1622.710648		50.25		24.06
1623.821759		50.75		24
1624.931713		50.25		24
1626.03125		51		24
1627.128472		51		24
1628.239583		51		23.94
1629.350694		51		23.94
1630.501157		51.25		23.94
1631.612269		51		23.87
1632.72338		51		23.81
1633.837963		51		23.81
1634.949074		51		23.81
1636.060185		51		23.81
1637.155093		51.25		23.81
1638.266204		51.75		23.75
1639.377315		51		23.75
1640.534722		51.25		23.69
1641.637731		51.5		23.69
1642.744213		51.5		23.69
1643.842593		51.75		23.69
1644.956019		51.25		23.62
1646.06713		51.5		23.62
1647.178241		51		23.62
1648.474537		52		23.62
1649.631944		51.75		23.56
1650.743056		51.75		23.56
1651.854167		51.5		23.5
1653.011574		51.5		23.5
1654.116898		52		23.5
1655.226852		51.25		23.44
1656.337963		51.75		23.44
1657.449074		51.75		23.44
1658.560185		52		23.44
1659.671296		52		23.44
1660.782407		51.5		23.37
1661.893519		52		23.37
1662.99537		52.25		23.37
1664.106481		52		23.37
1665.263889		51.75		23.31
1666.431713		52.5		23.31
1667.587963		52		23.31
1668.699074		52		23.31
1669.810185		52.25		23.31
1670.921296		52.75		23.31
1672.032407		52.75		23.25
1673.144676		52		23.25
1674.255787		52		23.19
1675.366898		52.5		23.19
1676.478009		52.75		23.19
1677.58912		52.25		23.19
1678.700231		52.75		23.12
1679.811343		52.75		23.19
1680.922454		52.25		23.12
1682.078704		52.75		23.12
1683.177083		52.25		23.12
1684.288194		52.5		23.06
1685.399306		52.75		23.06
1686.510417		52.75		23
1687.621528		52.75		23.06
1688.732639		52.5		23.06
1689.84375		52.5		23
1691.164352		53.25		23
1692.300926		53		23
1693.412037		53.25		23
1694.523148		52.5		22.94
1695.634259		52.75		22.94
1696.791667		53.25		22.94
1697.894676		52.5		22.94
1699.19213		53.25		22.87
1700.366898		53		22.87
1701.478009		52.75		22.94
1702.613426		53.25		22.87
1703.724537		53.25		22.87
1704.835648		53.25		22.87
1705.946759		53.5		22.87
1707.104167		53.25		22.87
1708.194444		53.5		22.81
1709.305556		53		22.81
1710.416667		53		22.81
1711.614583		53.5		22.81
1712.72338		53.5		22.81
1713.834491		53.25		22.81
1715.255787		54		22.75
1716.413194		53.75		22.75
1717.524306		54		22.75
1718.675926		53.25		22.75
1720.064815		54		22.69
1721.268519		53.75		22.69
1722.37963		53.75		22.69
1723.490741		53.75		22.62
1724.601852		54		22.69
1725.712963		54.25		22.69
1726.815972		54		22.69
1727.927083		54		22.62
1729.038194		54.25		22.62
1730.195602		54		22.62
1731.306713		53.75		22.62
1732.540509		54.25		22.62
1733.695602		54.25		22.56
1734.84838		54.5		22.56
1735.959491		53.5		21.81
1737.158565		54		22.5
1738.302083		54.25		22.5
1739.413194		54		22.5
1740.709491		54.5		22.5
1741.866898		54		21.87
1743.163194		54.5		22.5
1744.320602		54.25		21.81
1745.431713		54.25		22.5
1746.541667		55		22.5
1747.791667		54.75		22
1748.902778		55		22.12
1750.013889		54.75		22.19
1751.121528		55		22.25
1752.278935		54.75		22.37
1753.390046		55		22.44
1754.501157		55.25		22.5
1755.612269		55.5		22.56
1756.72338		55.25		22.75
1757.834491		55.25		22.87
1758.944444		55.75		23
1760.055556		55.75		23.25
1761.166667		55.25		23.5
1762.277778		55.5		23.75
1763.383102		55.75		24
1764.494213		55.25		24.31
1765.605324		55.25		24.62
1766.716435		54.75		24.94
1767.826389		54.5		25.12
1768.9375		54.25		25.5
1770.048611		54.25		26.31
1771.149306		54		26.62
1772.306713		54		26.87
1773.417824		54.25		27.12
1774.528935		53.5		27.37
1775.640046		53.5		27.56
1776.751157		53.25		27.69
1777.854167		52		27.87
1778.960648		52.5		28
1780.071759		52.75		28.12
1781.18287		52.5		28.25
1782.293981		52.5		28.31
1783.405093		52.5		28.37
1784.555556		52.5		28.44
1785.666667		52.5		28.56
1786.770833		52.25		28.62
1787.880787		52.25		28.62
1788.991898		52.5		28.69
1790.111111		52		28.75
1791.209491		51.75		28.81
1792.311343		52.25		28.81
1793.450231		52		28.87
1794.560185		52		28.87
1795.657407		51.75		28.87
1796.768519		52		28.94
1797.87963		52.5		29
1799.03588		52.25		28.94
1800.146991		52.25		29
1801.258102		52.25		29
1802.369213		51.5		28.94
1803.480324		52		28.94
1804.591435		51.75		28.94
1805.702546		52.25		28.94
1806.806713		52.5		28.94
1807.917824		52.25		28.94
1809.028935		52.5		28.94
1810.140046		52.75		28.94
1811.251157		52.5		28.94
1812.362269		52.75		28.87
1813.471065		52.25		28.87
1814.628472		52.5		28.87
1815.738426		52.75		28.87
1816.849537		52.75		28.87
1817.960648		52.75		28.81
1819.071759		52.75		28.81
1820.18287		52.25		28.81
1821.293981		52.5		28.75
1822.405093		52.75		28.69
1823.502315		53		28.69
1824.613426		53		28.69
1825.72338		53.25		28.62
1826.834491		52.5		28.62
1828.177083		53.25		28.62
1829.334491		53		28.56
1830.445602		52.25		28.5
1832.34375		53.5		28.5
1833.640046		53.25		28.44
1834.751157		53.25		28.44
1835.862269		53.25		28.37
1836.97338		53.25		28.37
1838.083333		53		28.31
1839.287037		53.5		28.25
1840.398148		53.5		28.25
1841.509259		53.25		28.19
1842.614583		53.5		28.19
1843.721065		53.25		28.12
1844.831019		53.5		28.06
1845.974537		53.75		28.06
1847.090278		53		28.06
1848.753472		54		28
1850.003472		53.5		28
1851.252315		54		27.94
1852.363426		53.25		27.87
1853.5625		53.75		27.87
1854.719907		53.75		27.87
1855.831019		53.75		27.81
1856.939815		53.5		27.81
1858.050926		53.5		27.75
1859.162037		53.5		27.75
1860.412037		54		27.75
1861.523148		54.25		27.69
1862.634259		54.25		27.69
1863.744213		54		27.62
1864.855324		54.25		27.56
1866.012731		54		27.56
1867.123843		54.25		27.56
1868.234954		53.75		27.5
1869.484954		54.25		27.44
1870.642361		54.25		27.44
1871.792824		54.5		27.44
1872.903935		54.5		26.69
1874.015046		54		26.62
1875.315972		54.5		27.37
1876.425926		54.5		26.62
1877.542824		54.5		26.56
1878.695602		54.5		26.56
1879.853009		54.75		26.56
1880.953704		54.25		26.5
1882.296296		54.75		27.19
1883.44213		54.25		26.44
1884.784722		54.75		27.12
1885.94213		54		26.31
1887.053241		54.25		27
1888.395833		54.75		27
1889.552083		54.75		25
1890.663194		54		26.94
1891.774306		54.25		26.87
1893.116898		54.75		26.87
1894.274306		54.5		26.06
1895.431713		54.75		26
1896.58912		54.5		26.06
1897.700231		54.25		26.06
1898.811343		54.25		26.75
1899.922454		55		26.75
1901.032407		55		25
1902.131944		54.25		26.06
1903.248843		55		26.69
1904.359954		55		26.69
1905.469907		55		26
1906.581019		54.5		26.19
1907.69213		55		26.06
1908.803241		55.25		26.06
1909.914352		55		26.19
1911.025463		55.5		26.31
1912.143519		55.5		26.5
1913.239583		55.25		26.62
1914.342593		55		26.81
1915.493056		55		26.94
1916.55787		55.5		27.12
1917.668981		55.75		27.25
1918.826389		55.5		27.44
1919.918981		55.75		27.56
1921.028935		55.75		27.87
1922.140046		56		28.12
1923.251157		56.25		28.44
1924.351852		55.75		28.69
1925.462963		56		29
1926.574074		55.5		29.19
1927.671296		55		29.5
1928.828704		55.5		29.75
1930.032407		54.75		30.06
1931.143519		53.75		30.25
1932.25463		53.25		31.06
1933.458333		53.75		31.31
1934.614583		54		31.56
1935.725694		53.5		31.75
1936.836806		53.5		31.94
1937.947917		53.75		32.13
1939.059028		53.5		32.25
1940.170139		53.75		32.38
1941.28125		53.5		32.44
1942.392361		53.75		32.56
1943.527778		53.25		32.63
1944.638889		53.5		32.69
1945.75		53.25		32.75
1946.849537		53.5		32.81
1947.998843		53.25		32.81
1949.106481		53		32.88
1950.204861		53.25		32.88
1951.315972		53.25		32.88
1952.427083		53		32.94
1953.538194		52.75		32.94
1954.695602		53.25		32.94
1955.805556		53		32.94
1956.916667		52.75		32.94
1958.027778		52.75		32.94
1959.138889		52.5		32.94
1960.25		52.75		32.88
1961.361111		53		32.88
1962.516204		53		32.88
1963.627315		52.5		32.88
1964.738426		53		32.88
1965.849537		53		32.88
1966.960648		52.75		32.81
1968.070602		52.75		32.81
1969.413194		53.5		32.81
1970.59375		53.75		32.75
1971.704861		53.25		32.75
1972.815972		53.5		32.69
1973.929398		53.5		32.63
1975.040509		53.5		32.63
1976.152778		53.75		32.56
1977.263889		53.25		32.56
1978.353009		53.5		32.56
1979.46412		53.75		32.5
1980.574074		53.5		32.44
1981.706019		53.5		32.38
1982.81713		53.75		32.38
1983.916667		53.25		32.31
1985.03125		53.5		32.25
1986.18287		53.5		32.25
1987.293981		53.5		32.19
1988.496528		54		32.13
1989.646991		54		32.06
1990.74537		53.75		32
1991.856481		53.25		32
1993.060185		53.75		31.94
1994.217593		53.75		31.94
1995.328704		54		31.87
1996.439815		53.75		31.75
1997.681713		54.25		31.81
1998.83912		54		31.75
1999.950231		54		31.69
2001.061343		54		31.62
2002.172454		54		31.62
2003.283565		54.25		31.5
2004.436343		54.25		31.5
2005.547454		53.75		31.5
2006.797454		54.25		31.44
2007.954861		54.25		31.37
2009.065972		54		31.37
2010.177083		54.25		31.31
2011.288194		54.25		31.31
2012.399306		54.25		31.19
2013.510417		54.25		31.19
2014.662037		54.5		31.12
2015.773148		54.5		30.37
2016.884259		54.5		30.31
2017.99537		54		30.37
2019.105324		54		31
2020.388889		54.5		30.94
2021.586806		54.75		30.37
2022.744213		54.75		30.5
2023.854167		54.75		30.62
2024.965278		54.75		30.81
2026.076389		54.75		30.94
2027.1875		55		31.12
2028.298611		55		31.25
2029.409722		54.75		31.44
2030.520833		55.5		31.62
2031.631944		55.25		31.75
2032.744213		55		32
2033.840278		55		32.19
2034.958333		55		32.44
2036.069444		55		32.69
2037.180556		54.5		32.94
2038.291667		53		33.13
2040.560185		54.25		34
2041.90162		53.5		34.44
2043.383102		54.25		34.69
2044.586806		54.25		34.94
2045.697917		53.25		35.06
2047.081019		54		35.19
2048.299769		54.25		35.38
2049.388889		53.5		35.5
2050.497685		53.75		35.56
2051.641204		53.75		35.63
2052.729167		53.5		35.75
2053.945602		54		35.81
2055.100694		53.5		35.81
2056.313657		54		35.88
2057.484954		53.75		35.88
2058.596065		53.5		35.88
2059.799769		54		35.94
2060.94213		53.25		35.94
2062.145833		53.75		35.94
2063.303241		53.5		36
2064.396991		53.75		35.94
2065.508102		53.25		35.94
2066.711806		53.75		35.94
2067.821759		54		35.94
2068.980324		53.75		35.94
2070.091435		53.75		35.94
2071.202546		53.75		35.88
2072.452546		54.25		35.88
2073.608796		53.5		35.81
2074.8125		54		35.81
2075.969907		54		35.81
2077.074074		54.25		35.75
2078.185185		54.5		35.75
2079.342593		54		34.88
2080.453704		54.25		35.63
2081.611111		54.5		35.63
2082.722222		54.5		34.75
2083.833333		54.5		34.75
2084.944444		54.25		34.69
2086.054398		54.25		35.5
2087.165509		54.25		35.44
2088.27662		54.25		35.44
2089.387731		54		35.38
2090.498843		54		35.31
2091.798611		54.5		35.31
2092.956019		54.25		34.44
2094.052083		54.25		35.19
2095.209491		54.5		35.13
2096.320602		54.5		34.25
2097.431713		54.25		34.5
2098.774306		54.75		35
2099.899306		55		34.5
2101.003472		55		34.63
2102.114583		54.5		34.69
2103.271991		54.75		34.81
2104.383102		55		34.94
2105.493056		55.25		35.06
2106.604167		55		35.19
2107.715278		55		35.31
2108.826389		55.25		35.44
2109.9375		55		35.56
2111.038194		55.25		35.69
2112.149306		55.25		35.88
2113.260417		55.25		36
2114.371528		55.75		36.19
2115.482639		55.25		36.25
2116.59375		55.75		36.44
2117.704861		56		36.56
2118.815972		56		36.69
2119.925926		55.75		36.81
2121.037037		55.5		36.94
2122.148148		55.5		37.06
2123.305556		54.5		37.19
2124.502315		54.75		37.31
2125.612269		54		37.44
2126.72338		53.5		38.19
2127.828704		53.5		38.38
2129.070602		54		38.5
2130.209491		53.5		38.63
2131.319444		53.75		38.75
2132.430556		52.75		38.88
2133.570602		53.25		38.94
2134.728009		53.25		39.06
2135.83912		53		39.13
2136.996528		53.5		39.19
2138.135417		53.5		39.19
2139.344907		54		39.25
2140.502315		53.75		39.31
2141.590278		53.25		39.31
2142.795139		53.75		39.31
2143.90625		53.25		39.31
2145.052083		53.5		39.31
2146.163194		53.75		39.31
2147.25		54		39.31
2148.40162		53.75		39.31
2149.512731		54		39.31
2150.623843		53.75		39.31
2151.734954		53.5		39.31
2152.846065		53.75		39.25
2153.940972		53.5		39.25
2155.052083		53.5		39.25
2156.163194		53.75		39.19
2157.274306		53.75		39.19
2158.385417		53.75		39.19
2159.497685		53.25		39.13
2160.655093		53.5		39.13
2161.765046		53.75		39.06
2162.876157		54		39
2163.987269		54		39
2165.087963		53.5		38.94
2166.199074		53.75		38.94
2167.310185		53.5		38.88
2168.560185		54		38.81
2169.670139		53.75		38.81
2170.78125		53.5		38.75
2172.03125		54		38.69
2173.142361		53.75		38.63
2174.295139		53.75		38.63
2175.40625		54		38.56
2176.517361		53.75		38.5
2177.766204		54.25		38.44
2178.923611		54.25		38.38
2180.034722		53.75		38.31
2181.145833		54		38.25
2182.256944		54.25		38.19
2183.368056		54.25		38.19
2184.696759		54.75		38.06
2185.854167		54.5		37.25
2187		54.5		37.19
2188.111111		54.5		37.13
2189.222222		54.25		37.06
2190.333333		54.25		37.81
2191.628472		54.75		37.75
2192.803241		54.5		36.88
2193.960648		54.75		37
2195.118056		54.75		37.06
2196.229167		54.25		37.06
2197.525463		54.75		37.69
2198.684028		54.25		37.13
2200.053241		54.75		37.81
2201.135417		55		37.13
2202.292824		54.75		37.25
2203.40625		54.5		37.44
2204.502315		54.5		37.44
2205.613426		55		37.5
2206.724537		55		37.63
2207.835648		55		37.63
2208.945602		54.5		37.75
2210.060185		55		37.81
2211.21875		54.75		37.94
2212.329861		55.25		38.06
2213.533565		54.75		38.19
2214.637731		55.25		38.38
2215.841435		54.5		38.5
2216.998843		54.75		38.75
2218.109954		54.75		38.88
2219.22338		54.5		39.06
2220.334491		54.25		39.19
2221.445602		54		39.94
2222.556713		53.75		40.13
2223.667824		54		40.25
2224.825231		54.25		40.38
2225.936343		54		40.5
2227.047454		54		40.63
2228.158565		54		40.69
2229.268519		54.25		40.75
2230.37963		54.25		40.81
2231.490741		53.75		40.88
2232.601852		54		40.94
2233.712963		54.25		41
2234.824074		53.75		41
2235.935185		53.75		41.06
2237.083333		54		41.06
2238.194444		53.75		41.13
2239.443287		54.25		41.13
2240.600694		54.5		41.13
2241.711806		54.25		40.31
2242.822917		53.75		41.06
2244.106481		54.25		41.13
2245.263889		54		41.13
2246.375		54		41.13
2247.486111		53.5		41.06
2248.921296		54.25		41.06
2250.125		53.75		41.06
2251.234954		54		41
2252.346065		54.25		41
2253.457176		54		40.94
2254.568287		54.25		40.88
2255.679398		54		40.88
2256.818287		54		40.81
2257.929398		54.25		40.81
2259.040509		53.75		40.75
2260.15162		54		40.69
2261.262731		54		40.63
2262.55787		54.5		40.56
2263.761574		54.75		39.69
2264.872685		54.25		39.88
2265.983796		54		40.44
2267.280093		54.5		40.44
2268.530093		54.75		39.81
2269.646991		54.75		39.94
2270.75463		54.5		39.94
2271.900463		54.75		40
2273.033565		54.75		40.06
2274.144676		55.25		40.13
2275.346065		54.75		40.19
2276.457176		55		40.25
2277.568287		54.5		40.31
2278.680556		55		40.44
2279.791667		55		40.56
2280.899306		54.5		40.56
2282.056713		54.75		40.75
2283.21412		54.5		40.88
2284.37037		54.75		41
2285.481481		54		41.13
2286.777778		54.5		41.81
2287.935185		54		41.19
2289.046296		54.25		42.13
2290.157407		53.75		42.19
2291.685185		54.5		42.31
2292.888889		54.25		41.63
2294		54		42.44
2295.109954		53.5		42.5
2296.221065		53.75		42.56
2297.471065		54.25		42.56
2298.628472		54.5		42.63
2299.78588		54.25		41.81
2300.896991		54.5		42.63
2302.008102		54.5		41.81
2303.158565		53.75		41.81
2304.395833		54.25		42.63
2305.552083		54		42.63
2306.659722		54		42.56
2307.770833		54.25		42.56
2309.108796		54.75		42.5
2310.266204		54.25		41.69
2311.377315		54.25		42.44
2312.488426		53.75		42.38
2314.015046		54.5		42.38
2315.21875		54		41.5
2316.792824		54.75		42.25
2317.996528		54.25		41.38
2319.107639		54.5		42.13
2320.265046		54.5		41.25
2321.376157		54.25		41.19
2322.487269		54.25		41.94
2323.59838		54.25		41.88
2324.709491		54.5		41.81
2325.855324		54.5		41
2326.966435		54.5		40.94
2328.077546		54.5		41.06
2329.1875		54.25		41
2330.34838		54.5		41.5
2331.459491		54		40.69
2332.755787		54.5		41.56
2333.958333		54.75		40.88
2335.091435		54.75		40.88
2336.202546		54.5		40.94
2337.351852		54.75		40.94
2338.469907		54.5		40.94
2339.581019		55		40.88
2340.78588		54.75		40.94
2341.849537		55.25		40.88
2343.046296		54.75		41.56
2344.197917		54.25		40.94
2345.299769		54.5		41.5
2346.41088		55.25		25
2347.520833		55.25		40.94
2348.678241		54.25		40.88
2349.789352		55.25		41.5
2350.899306		55.25		40.75
2352.00463		55		40.81
2353.100694		55.25		40.88
2354.211806		55		40.94
2355.322917		54.75		40.94
2356.434028		55.25		41
2357.545139		55.25		41
2358.65625		54.75		41
2359.767361		55.25		41.06
2360.878472		55.25		41.13
2361.989583		54.75		41.19
2363.100694		55.25		41.25
2364.210648		55.5		41.31
2365.322917		55.25		41.38
2366.425926		55.25		41.56
2367.583333		54.5		41.56
2368.648148		55		41.63
2369.805556		55		41.75
2370.916667		54.75		41.81
2372.027778		54.25		41.94
2373.138889		54		42.63
2374.25		53.75		42.69
2375.359954		53.75		42.81
2376.471065		53.75		42.88
2377.582176		54		42.94
2378.686343		53.75		43
2379.797454		54		43.06
2380.90625		53.75		43.06
2382.017361		53.5		43.06
2383.267361		54		43.06
2384.424769		54		43.06
2385.53588		54		43
2386.646991		54.25		43
2387.758102		54.5		42.94
2388.869213		54		42.31
2389.980324		54		42.88
2391.136574		53.75		42.88
2392.386574		54.25		42.88
2393.543981		53.5		42.81
2394.741898		54		42.81
2395.899306		53.75		42.75
2397.149306		54.25		42.75
2398.296296		53.25		42.75
2399.731481		54		42.75
2400.887731		54.25		42.69
2401.998843		54		42.69
2403.15625		54.25		42.63
2404.267361		54		42.56
2405.378472		53.25		42.56
2406.489583		53.5		42.5
2408.295139		54.5		42.5
2409.591435		53.75		41.81
2410.83912		54.25		42.38
2411.990741		54		42.31
2413.087963		54.25		42.38
2414.199074		54.25		42.31
2415.353009		54.25		42.31
2416.446759		54.25		42.31
2417.556713		54.25		42.31
2418.71412		54.5		42.31
2419.825231		54.25		41.56
2421.167824		54.75		42.25
2422.3125		54.25		41.44
2423.469907		54.5		42.13
2424.581019		54.5		41.56
2425.689815		54.25		41.63
2426.800926		54.5		42.13
2428.00463		54.75		41.56
2429.115741		54		41.63
2430.688657		54.75		42.19
2431.87963		54.75		41.5
2432.990741		54.5		41.63
2434.148148		54.75		41.69
2435.305556		54.25		41.69
2436.416667		54.5		42.25
2437.52662		55		41.5
2438.730324		54		41.81
2440.02662		54.5		42.38
2441.230324		54.75		41.69
2442.341435		54.5		42
2443.452546		54.5		42
2444.563657		54		42.13
2445.674769		54.25		42.75
2446.78588		54.25		42.81
2448.128472		54.75		42.88
2449.284722		54		42.19
2450.393519		54.25		43
2451.50463		53.75		43.06
2452.608796		53.75		43.13
2453.905093		54.25		43.19
2455.056713		54		43.19
2456.167824		54.25		43.19
2457.278935		54		43.25
2458.390046		54.25		43.25
2459.501157		54.25		43.25
2460.84375		54.75		43.31
2462.001157		54.5		42.5
2463.108796		53.75		42.44
2464.358796		54.25		43.25
2465.516204		53.75		43.25
2467.043981		54.5		43.19
2468.246528		54.5		42.63
2469.357639		54.25		42.63
2470.700231		54.75		43.19
2471.857639		54.25		42.5
2472.96875		54.5		43.19
2474.079861		54.5		42.44
2475.237269		54.5		42.44
2476.34838		54		42.69
2477.459491		54.25		43.25
2478.755787		54.75		43.25
2479.958333		54.5		42.63
2481.115741		54.75		42.69
2482.219907		54.75		42.69
2483.331019		54.25		42.75
2484.663194		54.75		43.31
2485.862269		54.5		42.69
2487.008102		54.75		42.75
2488.12037		54.75		42.88
2489.231481		54.75		42.88
2490.372685		54.75		42.94
2491.482639		54.5		43
2492.594907		54.5		43.06
2493.706019		54.5		43.13
2494.804398		54.5		43.19
2495.915509		54.5		43.25
2497.02662		54.25		43.31
2498.137731		54		44
2499.248843		54.25		44.13
2500.359954		54		44.19
2501.471065		53.75		44.25
2502.767361		54.25		44.25
2503.924769		54		44.31
2505.03588		54.25		44.31
2506.145833		54.25		44.38
2507.256944		54.25		44.38
2508.368056		54.25		44.44
2509.479167		54.25		44.44
2510.590278		54.25		44.44
2511.747685		54.5		44.38
2512.858796		53.75		43.63
2514.340278		54.5		44.38
2515.542824		54		43.56
2516.700231		54		44.31
2517.810185		53.75		44.31
2519.060185		54.25		44.25
2520.217593		54.25		44.25
2521.328704		54.25		44.19
2522.438657		53.75		44.19
2523.549769		53.5		44.13
2524.998843		54.25		44.06
2526.202546		54.25		44
2527.313657		54		43.94
2528.424769		54		43.94
2529.53588		54.25		43.81
2530.693287		54.5		43.81
2531.804398		54.5		42.94
2532.914352		54.25		43.06
2534.071759		54.5		43.56
2535.18287		53.5		42.75
2536.988426		54.5		43.56
2538.284722		54.25		42.75
2539.395833		54.5		43.56
2540.553241		54		42.75
2541.803241		54.5		43.5
2543.006944		54.75		42.69
2544.163194		54.25		42.69
2545.505787		54.75		43.44
2546.663194		54.25		42.69
2547.959491		54.75		43.31
2549.163194		54.25		42.56
2550.274306		54.5		43.31
2551.478009		54.75		42.69
2552.579861		55		42.69
2553.690972		54.25		42.63
2555.033565		54.75		43.19
2556.138889		55		42.44
2557.292824		54.5		42.63
2558.391204		54.5		42.69
2559.502315		55		42.63
2560.606481		55		42.69
2561.717593		55		42.69
2562.825231		55		42.75
2563.936343		54.75		42.81
2565.047454		55		42.81
2566.157407		55		42.88
2567.268519		54.5		42.94
2568.37963		55		43
2569.575231		54.5		43.13
2570.686343		54.25		43.19
2571.804398		54.5		43.88
2572.961806		54.75		43.31
2574.119213		54.5		43.44
2575.225694		54.25		43.56
2576.383102		54.5		44.25
2577.493056		54.25		43.69
2578.604167		54.25		44.38
2579.715278		54.25		44.44
2580.826389		53.75		44.44
2581.9375		54		44.5
2583.048611		54.25		44.56
2584.159722		54.25		44.56
2585.270833		54.25		44.63
2586.416667		54		44.63
2587.527778		54		44.63
2588.638889		54		44.63
2589.75		54.25		44.63
2590.861111		54.25		44.63
2592.018519		54.5		44.63
2593.128472		54.25		43.88
2594.233796		54		44.56
2595.518519		54.5		44.56
2596.675926		54.5		43.88
2597.787037		54.5		44
2598.898148		54.5		44
2600.009259		54.5		44
2601.12037		54.5		44.06
2602.231481		54		44.06
2603.519676		54.5		44.69
2604.675926		54.25		44
2605.783565		55		44.75
2607.03125		54		44.06
2608.142361		54.25		44.81
2609.299769		54.5		44.88
2610.409722		54.5		44.19
2611.520833		54		44.38
2612.631944		54.25		44.94
2613.743056		54.25		45
2614.854167		53.75		45
2616.104167		54.25		45
2617.292824		54.25		45
2618.403935		54		45
2619.515046		54.25		45
2620.626157		54		45
2621.737269		54.25		45
2622.834491		53.75		44.94
2624.362269		54.5		44.94
2625.565972		54		44.31
2626.861111		54.5		44.88
2628.018519		54.25		44.06
2629.12963		54		44.81
2630.403935		54.5		44.81
2631.548611		54.25		44.13
2632.706019		54.5		44.81
2633.814815		54.5		44.06
2634.924769		54.5		44.25
2636.070602		54.5		44.25
2637.181713		54.25		44.25
2638.292824		54.5		44.81
2639.450231		54.75		44.19
2640.607639		54.25		44.31
2641.71875		54.5		44.88
2642.875		54.5		44.31
2644.032407		54.75		44.44
2645.143519		54		44.44
2646.439815		54.5		45.06
2647.570602		54		44.31
2648.681713		54		45.13
2649.978009		54.5		45.13
2651.135417		54.5		44.44
2652.246528		54		44.63
2653.542824		54.5		45.25
2654.700231		54.5		44.56
2655.811343		54.25		44.75
2656.922454		54.25		45.31
2658.033565		53.75		45.38
2659.328704		54.25		45.38
2660.486111		54.5		45.38
2661.597222		54.25		44.75
2662.708333		53.75		45.38
2663.819444		54		45.38
2664.930556		54.25		45.44
2666.033565		54.25		45.44
2667.184028		54.5		45.44
2668.295139		54.5		44.81
2669.405093		54.5		44.88
2670.516204		54		44.88
2671.673611		54.25		45.44
2672.784722		54.5		45.44
2673.895833		54.5		44.69
2675.006944		54.5		44.81
2676.164352		54		44.88
2677.69213		54.75		45.44
2678.892361		54.5		44.88
2680.049769		54.5		44.94
2681.159722		54.5		44.94
2682.31713		54.75		44.94
2683.428241		54		45
2684.539352		54.25		45.56
2685.696759		54.5		45.63
2686.80787		54.5		45.06
2687.918981		54.5		45.13
2689.030093		54.5		45.19
2690.1875		54.75		45.19
2691.298611		55		45.25
2692.454861		54.25		45.31
2693.586806		54.5		45.88
2694.744213		54.75		45.19
2695.885417		54.5		45.38
2696.996528		54.5		45.44
2698.107639		54.25		45.44
2699.265046		54.5		46.06
2700.376157		54.5		45.38
2701.521991		54.75		45.56
2702.633102		54.25		45.63
2703.956019		54.75		46.19
2705.159722		53.75		45.63
2706.62963		54.5		46.31
2707.833333		54		45.75
2708.944444		54		46.38
2710.101852		54.25		46.38
2711.212963		54		46.38
2712.511574		54.5		46.44
2713.622685		54.25		45.63
2714.734954		54.25		46.44
2715.891204		53.75		46.44
2717.002315		54		46.44
2718.113426		53.75		46.38
2719.363426		54.25		46.31
2720.520833		54.25		46.31
2721.631944		54.25		46.25
2722.743056		54.25		46.25
2723.854167		53.75		46.19
2725.381944		54.5		46.13
2726.583333		54.25		45.5
2727.693287		54.5		46
2728.804398		54		45.25
2730.100694		54.5		46
2731.258102		54.5		45.25
2732.369213		53.75		45.38
2733.665509		54.25		45.94
2735.008102		54.75		45.94
2736.159722		54.75		45.31
2737.30787		54.25		45.38
2738.604167		54.75		45.88
2739.799769		54.5		45.13
2740.956019		54.75		45.31
2742.056713		54.25		45.38
2743.200231		54.5		45.94
2744.3125		54.5		45.31
2745.423611		54.5		45.38
2746.627315		54.75		45.38
2747.740741		54.5		45.38
2748.853009		54.25		45.44
2749.96412		54.25		46.06
2751.075231		54.5		46.06
2752.232639		54.5		45.44
2753.34375		54.5		45.56
2754.453704		54.25		45.56
2755.564815		54.25		46.13
2756.670139		54		46.19
2757.966435		54.5		46.19
2759.123843		54.25		45.63
2760.28125		54.5		46.25
2761.438657		54.75		45.56
2762.549769		54.5		45.69
2763.66088		54.5		45.69
2764.810185		54.25		45.75
2765.921296		54.25		46.31
2767.037037		54.5		46.38
2768.148148		54.25		45.69
2769.304398		54.5		46.44
2770.415509		54.25		45.69
2771.52662		54		46.44
2772.637731		54.25		46.44
2773.784722		54.5		46.5
2774.922454		54.5		45.75
2776.033565		54.25		45.94
2777.190972		54.5		46.5
2778.302083		53.75		45.75
2779.783565		54.5		46.5
2780.987269		54.25		45.75
2782.097222		53.75		46.5
2783.625		54.5		46.5
2784.828704		54.25		45.94
2785.929398		54.25		46.56
2787.086806		54.5		46.5
2788.197917		54.25		45.94
2789.309028		54		46.5
2790.604167		54.5		46.5
2791.80787		54.75		45.81
2792.965278		54.5		46
2794.076389		54.25		45.94
2795.418981		54.75		46.5
2796.576389		54.5		45.94
2797.733796		54.75		46
2798.877315		54.5		46
2799.988426		54.5		45.94
2801.099537		54.25		46.06
2802.210648		54.25		46.63
2803.506944		54.75		46.63
2804.663194		54.5		46.06
2805.774306		54		46.13
2806.931713		54.25		46.69
2808.042824		54.5		46.69
2809.190972		54.5		46
2810.302083		54.5		46.13
2811.413194		54.5		46.13
2812.524306		53.75		46.19
2814.02662		54.5		46.75
2815.230324		54.5		46.06
2816.340278		54		46.19
2817.914352		54.75		46.81
2819.116898		54.5		46.06
2820.228009		54.25		46.31
2821.570602		54.75		46.88
2822.728009		54.25		46.25
2823.83912		55		46.94
2825.08912		54.25		46.25
2826.385417		54.75		46.94
2827.58912		54.25		46.31
2828.700231		54.5		46.94
2829.856481		54.75		46.31
2831.008102		54.5		46.38
2832.119213		54.25		46.44
2833.461806		54.75		47
2834.614583		54		46.38
2835.91088		54.5		47
2837.114583		54.75		46.25
2838.208333		54		46.44
2839.782407		54.75		47.06
2840.986111		54.75		46.31
2842.097222		54.5		46.5
2843.253472		54.75		46.5
2844.41088		54.75		46.5
2845.502315		54.25		46.5
2846.650463		53.75		47.06
2848.131944		54.5		47.13
2849.335648		54.5		46.38
2850.446759		54.5		46.56
2851.55787		54.5		46.56
2852.668981		54.5		46.63
2853.826389		54.75		46.56
2854.983796		54.5		46.63
2856.09375		54.5		46.63
2857.204861		54.5		46.63
2858.315972		54.25		46.69
2859.427083		54.5		47.31
2860.584491		54		46.75
2861.880787		54.5		47.31
2862.991898		54.5		46.75
2864.103009		54.5		46.81
2865.306713		54.75		46.81
2866.417824		54.5		46.88
2867.527778		54.5		46.88
2868.638889		54.5		46.94
2869.75		54.5		46.94
2870.861111		54.5		47
2871.972222		54.25		46.94
2873.083333		54.25		47.56
2874.194444		54.25		47.56
2875.305556		54		47.63
2876.456019		54		47.63
2877.752315		54.5		47.63
2878.909722		54.5		46.81
2880.020833		54.25		46.94
2881.116898		54.25		47.63
2882.228009		54.25		47.63
2883.555556		54.75		47.63
2884.712963		54		46.81
2885.824074		54.25		47.56
2886.981481		54.5		47.56
2888.092593		54.5		46.81
2889.203704		54.25		47
2890.314815		54		47.5
2891.425926		54.25		47.5
2892.563657		54		47.5
2893.671296		53.75		47.5
2894.921296		54.25		47.5
2896.123843		54.5		47.44
2897.234954		54.25		46.69
2898.346065		54.25		47.38
2899.457176		54		47.38
2900.568287		54.25		47.38
2901.679398		54		47.31
2902.790509		54.25		47.31
2903.899306		53.75		47.25
2905.005787		54		47.25
2906.158565		54.25		47.25
2907.268519		54.25		47.19
2908.37963		54.25		47.13
2909.490741		54.25		47.06
2910.601852		54		47
2911.712963		54		46.94
2912.824074		54		46.88
2913.936343		53.75		46.81
2915.047454		53.75		46.75
2916.55787		54.5		46.69
2917.753472		54		45.88
2918.900463		54.25		46.5
2920.011574		54		46.44
2921.122685		54.25		46.44
2922.233796		54		46.38
2923.344907		54.25		46.31
2924.451389		54		46.25
2925.5625		54.25		46.25
2926.673611		54.25		46.19
2928.015046		54.75		46.13
2929.172454		54.25		45.31
2930.283565		54.25		46
2931.394676		54.25		45.94
2932.552083		53.75		45.94
2934.033565		54.5		45.81
2935.237269		54		45.06
2936.336806		54.25		45.75
2937.447917		54.25		45.69
2938.605324		54.5		45.63
2939.715278		54.5		44.94
2940.826389		54.25		45
2941.983796		54.5		45.5
2943.155093		54.75		44.75
2944.266204		54.25		44.88
2945.608796		54.75		45.44
2946.75463		54.5		44.75
2947.865741		54.5		44.81
2949.023148		54.75		44.81
2950.180556		54.75		44.75
2951.292824		55		44.81
2952.391204		55		44.75
2953.490741		55		44.81
2954.630787		55		44.81
2955.712963		55		44.81
2956.824074		54.75		44.88
2957.935185		55		44.94
2959.092593		54.75		45
2960.203704		54.5		45
2961.309028		54.25		45.13
2962.65162		54.75		45.69
2963.809028		54.75		45.19
2964.920139		54.75		45.25
2966.03125		54.75		45.31
2967.136574		54.75		45.31
2968.247685		54.5		45.44
2969.358796		54.5		45.44
2970.469907		54.5		45.5
2971.62037		54		45.56
2972.731481		53.5		46.25
2974.533565		54.5		46.25
2975.818287		54.25		45.63
2976.971065		54.5		46.38
2978.128472		54.75		45.63
2979.28588		54.5		45.75
2980.396991		54.5		45.88
2981.508102		54.5		45.88
2982.619213		54		45.94
2983.725694		54.25		46.5
2984.877315		54.5		46.56
2986.032407		54.75		46
2987.144676		54.75		46.06
2988.251157		54.75		46.06
2989.393519		54.75		46.13
2990.498843		54.75		46.13
2991.609954		54.75		46.19
2992.721065		54.25		46.19
2993.878472		54.5		46.81
2994.989583		55		46.19
2996.100694		55		46.31
2997.199074		54.5		46.31
2998.356481		54.75		46.44
2999.513889		54.75		46.44
3000.625		54.5		46.5
3001.736111		54.5		46.5
3002.847222		54		46.56
3003.957176		54.25		47.19
3005.068287		54.5		47.19
3006.225694		54		46.56
3007.521991		54.5		47.25
3008.679398		54.25		46.63
3009.790509		54		47.31
3010.90162		54.25		47.31
3012.012731		54.25		47.31
3013.123843		54.5		47.31
3014.253472		54.25		46.63
3015.369213		54.25		47.31
3016.479167		54		47.31
3017.590278		54.25		47.25
3018.701389		54		47.25
