0		19		22.37
1.694444444		18.75		22.37
2.833333333		18.25		22.37
3.9375		18.5		22.37
5.034722222		19		22.31
6.138888889		18.5		22.37
7.282407407		19		22.31
8.383101852		19		22.31
9.49537037		19		22.37
10.59837963		19.25		22.31
11.74074074		18.75		22.37
12.84143519		18.75		22.37
13.94560185		19		22.31
15.05208333		19		22.31
16.19212963		19		22.37
17.29166667		19		22.37
18.39583333		19.25		22.31
19.53703704		19		22.31
20.64814815		19.5		22.31
21.74768519		19		22.31
22.88310185		19.75		22.31
23.9837963		19.5		22.31
25.08564815		19.75		22.31
26.22337963		19.75		22.31
27.32407407		20		22.31
28.42708333		19.25		22.31
29.53240741		20.25		22.31
30.67592593		20		22.25
31.78703704		20.25		22.25
32.89930556		20		22.31
34.00462963		20.5		22.31
35.10532407		20.5		22.25
36.24768519		20.5		22.25
37.35185185		20		22.31
38.45138889		20.25		22.25
39.55208333		21		22.25
40.69328704		20.5		22.25
41.7974537		21		22.25
42.89467593		20.75		22.25
44.04513889		21		22.25
45.14467593		21.25		22.25
46.25		21.25		22.25
47.35300926		21		22.25
48.48842593		21.5		22.25
49.59259259		21.5		22.31
50.69560185		21		22.25
51.83912037		21.25		22.25
52.94444444		21.75		22.25
54.0474537		21.75		22.25
55.15277778		21		22.25
56.2962963		22		22.25
57.40162037		22		22.25
58.50694444		22		22.25
59.60532407		21.75		22.25
60.74652778		22		22.25
61.85185185		22.25		22.25
62.95949074		21.75		22.25
64.0625		21.75		22.25
65.20138889		22		22.25
66.30555556		22		22.25
67.41550926		22.25		22.25
68.5150463		22.25		22.25
69.62152778		22		22.25
70.7650463		22.5		22.25
71.87037037		22.5		22.25
72.98148148		22.5		22.25
74.08101852		22.25		22.19
75.22453704		22		22.25
76.3275463		22.75		22.25
77.43402778		23		22.25
78.54282407		22.75		22.25
79.68402778		22.75		22.19
80.78819444		22.5		22.19
81.90856481		22.75		22.25
83.01736111		23.25		22.19
84.12731481		23		22.19
85.23263889		23.25		22.19
86.33217593		23.5		22.19
87.46990741		23.25		22.19
88.57060185		23.25		22.19
89.67824074		23.25		22.12
90.78935185		23		22.12
91.89467593		23		22.19
93.03356481		23.5		22.19
94.13657407		23.5		22.12
95.24652778		23.75		22.19
96.36111111		23.25		22.19
97.5		23		22.19
98.59837963		23.25		22.19
99.69791667		23.75		22.19
100.8356481		24		22.12
101.9456019		23.25		22.19
103.0451389		23.25		22.19
104.181713		24		22.19
105.287037		24		22.12
106.3842593		23.75		22.12
107.4826389		23.5		22.19
108.6226852		24		22.12
109.724537		23.75		22.12
110.8611111		23.75		22.12
111.9594907		23.75		22.12
113.0636574		23.75		22.12
114.1666667		24.5		22.12
115.3078704		24.25		22.12
116.4155093		23.75		22.12
117.5219907		24.75		22.12
118.625		24.75		22.12
119.7662037		24.25		22.12
120.875		24.25		22.12
121.9733796		24.75		22.12
123.0729167		24.25		22.12
124.2141204		24.5		22.12
125.3206019		24.75		22.12
126.4212963		24.75		22.12
127.5648148		24.75		22.12
128.6666667		24.5		22.12
129.7615741		25		22.12
130.9050926		24.5		22.12
132.0046296		25		22.06
133.1076389		24.5		22.06
134.2453704		24.5		22.06
135.3506944		24.75		22.12
136.4618056		25.25		22.06
137.5601852		25.25		22.06
138.7013889		25.25		22.06
139.7997685		25.5		22.06
140.8969907		25.75		22.06
142.0439815		25		22.06
143.1458333		25.75		22.06
144.2418981		25.75		22.06
145.380787		24.75		22.06
146.4722222		25		22.06
147.6168981		25		22.06
148.7210648		25.5		22.06
149.8287037		25.5		22
150.9293981		24.75		22.06
152.0358796		25.75		22
153.1712963		25.25		22
154.2743056		25.75		22
155.3738426		25.5		22
156.5185185		25.25		22
157.6226852		25.75		22
158.7210648		25.75		22
159.8333333		26		22.06
160.9756944		26		22
162.0844907		26		22
163.1840278		26.25		22
164.2847222		26		22
165.4189815		26.25		22
166.5150463		26.25		21.94
167.6574074		25.75		22
168.7650463		26.25		22
169.8668981		26.25		22
170.974537		26.25		22
172.0810185		26		22
173.2199074		26.5		22
174.3206019		26.5		21.94
175.4247685		26.75		21.94
176.5694444		26.5		21.94
177.6701389		26.5		22
178.7731481		27		21.94
179.912037		27		22
181.0127315		26.75		21.94
182.1122685		27		21.94
183.2268519		27.25		21.94
184.3275463		27		21.94
185.4733796		27.25		21.94
186.5717593		27.25		21.94
187.6712963		27.25		21.94
188.8240741		27		21.94
189.9212963		27.5		21.94
191.0173611		27.5		21.94
192.1608796		27.25		21.94
193.2615741		27.5		21.87
194.3726852		27.5		21.87
195.4733796		27.5		21.87
196.619213		27.5		21.87
197.7210648		27.75		21.94
198.8229167		27.75		21.87
199.9259259		27.5		21.87
201.0625		28		21.87
202.1701389		28		21.87
203.2662037		27.75		21.87
204.40625		27.5		21.87
205.5138889		27.75		21.87
206.6168981		27.75		21.87
207.7210648		28		21.87
208.8645833		27.75		21.87
209.96875		27.5		21.87
211.0706019		28		21.87
212.2094907		27.25		21.81
213.3113426		28		21.87
214.412037		28		21.87
215.5439815		27.75		21.87
216.6435185		28		21.81
217.7534722		28.25		21.87
218.8923611		28.5		21.81
220		28.5		21.81
221.09375		28.5		21.81
222.1979167		28.25		21.87
223.3425926		28.75		21.81
224.4456019		28.75		21.87
225.5520833		28.5		21.87
226.6527778		28.75		21.87
227.7951389		28.5		21.81
228.9097222		28.75		21.81
230.0081019		28.5		21.87
231.1111111		28.75		21.81
232.2488426		28.25		21.81
233.349537		28.5		21.81
234.4571759		29		21.81
235.599537		29		21.81
236.7002315		29		21.81
237.8032407		29		21.81
238.9039352		28.75		21.81
240.0520833		29.25		21.75
241.1574074		29.25		21.81
242.2569444		29.5		21.75
243.3611111		29		21.81
244.505787		29.25		21.81
245.6087963		29.5		21.81
246.7118056		29		21.75
247.8159722		29.5		21.75
248.9571759		29.5		21.75
250.0601852		29.5		21.81
251.1689815		29.25		21.81
252.2731481		29.5		21.75
253.412037		29.5		21.81
254.5196759		29.75		21.81
255.6273148		30		21.81
256.7291667		29.5		21.69
257.869213		29.5		21.75
258.9710648		30		21.75
260.0717593		30		21.75
261.2094907		30.25		21.75
262.3125		29.75		21.69
263.4189815		30		21.75
264.5219907		30.25		21.75
265.6550926		30.25		21.75
266.7604167		29.75		21.75
267.8599537		30.25		21.69
269.0011574		30.25		21.69
270.0972222		30.25		21.69
271.2013889		30.25		21.69
272.3425926		30.25		21.75
273.4618056		30.5		21.69
274.5462963		30.5		21.69
275.6655093		30.75		21.69
276.7824074		30.25		21.69
277.8900463		30.25		21.69
279.0289352		30.5		21.69
280.1215278		30.75		21.69
281.2604167		30.5		21.69
282.3668981		31		21.69
283.4699074		31		21.69
284.5694444		31		21.69
285.7094907		30.75		21.69
286.8263889		31		21.69
287.9131944		31		21.69
289.0381944		30.75		21.62
290.1539352		31.5		21.62
291.2800926		31.25		21.69
292.3854167		31.25		21.69
293.4895833		31		21.62
294.5949074		31.75		21.62
295.7337963		31.75		21.69
296.8368056		31.25		21.62
297.9386574		31.75		21.62
299.0833333		31.5		21.62
300.1921296		31.5		21.62
301.2974537		32		21.62
302.3993056		31.75		21.62
303.5046296		32		21.62
304.6458333		31.5		21.62
305.7523148		32		21.62
306.8518519		32.25		21.62
307.9560185		31.75		21.62
309.0960648		31.5		21.62
310.2222222		32.25		21.62
311.2997685		32		21.56
312.4351852		32		21.56
313.5405093		32.25		21.56
314.6516204		32.5		21.56
315.7615741		32.75		21.56
316.8703704		32.75		21.56
318.0138889		32.75		21.56
319.1168981		32.75		21.56
320.2210648		32.25		21.62
321.3240741		32.75		21.56
322.4606481		32.75		21.56
323.5590278		33		21.56
324.6967593		32.5		21.56
325.8009259		32.75		21.56
326.9027778		32.75		21.56
328.0069444		32.75		21.56
329.1516204		33		21.56
330.2511574		33.25		21.56
331.3530093		32.75		21.56
332.4988426		32.75		21.56
333.5740741		33.25		21.56
334.7013889		32.75		21.56
335.8125		32.75		21.56
336.9189815		33.25		21.56
338.0590278		33.25		21.56
339.1655093		33.5		21.56
340.2627315		33.25		21.56
341.400463		33.75		21.5
342.505787		33.25		21.56
343.6018519		33.5		21.56
344.7523148		33.75		21.56
345.8564815		33.75		21.56
346.962963		33.5		21.56
348.0659722		33.5		21.56
349.2013889		33.5		21.56
350.3055556		34		21.56
351.4050926		33.75		21.56
352.5150463		33.5		21.56
353.650463		33.5		21.56
354.755787		34		21.56
355.8611111		34		21.56
356.9699074		33.75		21.56
358.1168981		34		21.56
359.2233796		34.5		21.5
360.3263889		34.5		21.56
361.4282407		34.5		21.56
362.5601852		34.5		21.56
363.6608796		34.5		21.56
364.7685185		34.5		21.56
365.9155093		34.5		21.56
367.0196759		34.75		21.56
368.1273148		34.25		21.56
369.224537		34.25		21.5
370.3634259		34.5		21.5
371.4583333		34.75		21.56
372.5601852		34.5		21.5
373.7037037		35		21.56
374.8020833		34		21.5
375.9027778		35		21.5
377.0474537		33.75		21.5
378.1516204		35		21.5
379.2604167		35		21.5
380.3587963		35		21.5
381.5		35		21.5
382.6099537		34.25		21.5
383.7303241		35.25		21.5
384.8310185		35.25		21.5
385.9363426		35		21.44
387.0416667		35		21.5
388.1805556		34.75		21.5
389.2800926		35.5		21.5
390.3854167		35.5		21.5
391.4965278		35.5		21.5
392.6354167		35.25		21.44
393.7361111		35.25		21.44
394.8738426		35.5		21.44
395.96875		35.25		21.44
397.0752315		35.5		21.44
398.21875		35.75		21.44
399.3240741		35.75		21.5
400.4247685		35.75		21.44
401.5289352		35.5		21.44
402.6435185		35.75		21.5
403.7824074		36		21.44
404.880787		36		21.44
405.9861111		35.5		21.44
407.0891204		36		21.44
408.2303241		36		21.44
409.3333333		35.5		21.44
410.46875		36.25		21.44
411.5798611		36.5		21.44
412.6851852		36.25		21.44
413.7916667		36.25		21.44
414.8981481		36.25		21.44
416.0011574		35.75		21.44
417.1423611		36.25		21.44
418.2465278		36.25		21.44
419.3541667		36		21.37
420.4606481		35.5		21.37
421.5856481		36		21.37
422.6967593		36.5		21.37
423.806713		36.5		21.37
424.9189815		36.75		21.44
426.0428241		37		21.44
427.1446759		36.5		21.44
428.2592593		36		21.44
429.400463		36.75		21.44
430.5081019		36.5		21.37
431.6122685		36.5		21.37
432.7152778		37		21.44
433.8206019		37		21.44
434.9641204		37		21.37
436.0601852		37.25		21.37
437.1712963		37		21.37
438.3101852		36.5		21.37
439.412037		36.75		21.44
440.5127315		36.75		21.44
441.6157407		37.25		21.37
442.755787		37.25		21.44
443.8680556		37.5		21.37
444.9780093		37.25		21.37
446.0775463		37		21.37
447.1875		37		21.37
448.3310185		37		21.37
449.4351852		37.5		21.37
450.537037		37.5		21.37
451.6770833		37.5		21.37
452.7847222		37.75		21.37
453.8842593		37.5		21.37
454.9837963		37.75		21.37
456.125		38		21.37
457.2280093		38		21.31
458.337963		38		21.37
459.4386574		37.5		21.37
460.5462963		38		21.37
461.6863426		38.25		21.37
462.7847222		38.25		21.37
463.9247685		38.25		21.37
465.0266204		38.25		21.31
466.1261574		38.25		21.37
467.2280093		38.5		21.37
468.3715278		38.5		21.31
469.4710648		38		21.31
470.5706019		38		21.31
471.7210648		38		21.31
472.8217593		38.25		21.31
473.9236111		38.25		21.37
475.0266204		38.75		21.31
476.1585648		39		21.37
477.2604167		38.5		21.31
478.3680556		38.75		21.25
479.5092593		38.5		21.31
480.6134259		39		21.31
481.7175926		39.25		21.25
482.8171296		39.25		21.25
483.96875		39.25		21.31
485.0671296		39		21.31
486.1712963		39.25		21.31
487.2731481		38.75		21.31
488.4131944		39.25		21.31
489.5034722		39.5		21.31
490.6516204		39		21.25
491.7581019		39.5		21.31
492.8645833		39.75		21.25
493.9652778		39.25		21.31
495.0729167		39.5		21.31
496.2141204		39.25		21.25
497.3101852		39.5		21.25
498.4143519		39.5		21.25
499.5625		39.25		21.25
500.662037		39.75		21.25
501.7627315		39.75		21.25
502.9039352		40.25		21.25
504		40		21.25
505.1041667		40		21.31
506.244213		40.25		21.25
507.3530093		40.25		21.19
508.4525463		40.5		21.25
509.5532407		39.75		21.25
510.6631944		40.5		21.25
511.7997685		40.5		21.25
512.8969907		40.5		21.25
514.0335648		40.25		21.25
515.1365741		40		21.25
516.2349537		40.75		21.19
517.380787		40.5		21.25
518.4930556		40.75		21.25
519.59375		40.5		21.25
520.6956019		40.25		21.25
521.8310185		40.75		21.19
522.9398148		40.25		21.19
524.0439815		40.75		21.25
525.1840278		40.5		21.25
526.2858796		40.5		21.25
527.3912037		41		21.19
528.4884259		40.5		21.25
529.6365741		40.25		21.19
530.7430556		40.75		21.25
531.8449074		40.25		21.19
532.9467593		41		21.19
534.0833333		41		21.25
535.1956019		40.75		21.25
536.3009259		41		21.19
537.4016204		41		21.25
538.5462963		41		21.25
539.6469907		41.25		21.19
540.7453704		40.5		21.19
541.8576389		40.75		21.19
543.0011574		41		21.25
544.0983796		41.5		21.25
545.2002315		41.5		21.25
546.34375		41.25		21.25
547.4479167		41.5		21.19
548.5486111		41		21.19
549.6539352		41.75		21.19
550.7916667		41.75		21.25
551.8877315		41.75		21.19
553.0034722		42		21.19
554.1446759		42		21.19
555.2511574		42		21.19
556.3541667		41.5		21.19
557.4583333		42		21.19
558.5925926		42.5		21.19
559.6956019		42.25		21.12
560.7962963		41.75		21.19
561.9421296		42.25		21.19
563.0474537		42.25		21.19
564.1481481		42.25		21.19
565.2534722		42.25		21.12
566.3946759		42.5		21.19
567.5034722		42.75		21.12
568.6099537		42.75		21.19
569.7060185		42.5		21.19
570.8541667		42.75		21.19
571.9594907		43		21.25
573.0613426		43		21.19
574.1666667		42.75		21.19
575.3078704		42.5		21.12
576.4131944		42.75		21.19
577.5127315		43		21.12
578.6134259		43.25		21.12
579.755787		42.75		21.12
580.8564815		42.5		21.12
582.1597222		43.25		21.19
583.3032407		43.25		21.12
584.4444444		43.5		21.12
585.5451389		43.5		21.06
586.6469907		43.25		21.12
587.7581019		43		21.12
588.900463		43		21.12
590.0034722		43.25		21.12
591.1875		43.75		21.12
592.3298611		43.25		21.12
593.7523148		44		21.12
594.9398148		43.75		21.12
596.0451389		44		21.12
597.1516204		44		21.12
598.2928241		44.25		21.12
599.4027778		43.5		21.12
600.8576389		44.25		21.12
602.0405093		43.75		21.12
603.1782407		43.75		21.12
604.6747685		44.5		21.12
605.8564815		44.25		21.12
606.9988426		44.25		21.12
608.1030093		44.5		21.12
609.244213		44.5		21.12
610.3506944		44.5		21.12
611.4675926		44.5		21.12
612.5671296		44.5		21.12
613.6782407		44.25		21.12
614.8217593		44.5		21.06
615.9293981		44.25		21.06
617.2685185		44.75		21.06
618.4513889		44.25		21.12
619.5520833		45		21.06
620.7766204		44.75		20.25
621.8784722		44.75		21.12
622.9930556		45.25		21.06
624.1018519		45		20.44
625.2152778		45.25		20.37
626.3171296		45.25		20.56
627.4594907		45.5		20.56
628.5648148		45.25		20.56
629.6655093		45.75		20.5
630.7696759		45.5		20.56
631.8773148		45.75		20.56
633.0208333		45.5		20.5
634.1319444		45.5		20.44
635.2291667		45.5		20.37
636.3368056		45.25		20.44
637.4421296		45.75		20.44
638.5810185		46		20.5
639.6886574		45.75		20.5
640.7928241		46.25		20.5
641.900463		46		20.56
643.0046296		45.25		20.5
644.1111111		45.75		20.56
645.2175926		46		20.56
646.3252315		46		20.62
647.4652778		46		20.62
648.5671296		45.75		20.62
649.6712963		45.25		20.69
650.7708333		46		20.75
651.9131944		45.75		20.81
653.0231481		45.75		20.81
654.1284722		45.5		20.87
655.2361111		45.75		20.87
656.3425926		45.75		20.94
657.4699074		46		20.94
658.5798611		45		21
659.6840278		46		21
660.8020833		45.5		21.06
661.912037		45.5		21.12
663.0115741		45.5		21.12
664.1203704		45.25		21.25
665.2233796		45		21.31
666.3634259		45.25		21.44
667.474537		45		21.44
668.556713		44.5		21.56
669.7037037		43.75		22.25
670.8900463		44		22.37
672.0081019		43.25		22.56
673.1203704		42.5		22.75
674.244213		42		22.87
675.3680556		41.25		23
676.4907407		41.5		23.12
677.5949074		41		23.25
678.7037037		41		23.31
679.8055556		40.75		23.44
680.9247685		40.25		23.44
682.0578704		41		23.56
683.1643519		40.75		23.62
684.2650463		40.5		23.62
685.4050926		40.75		23.69
686.5023148		40.75		23.69
687.6053241		40.75		23.75
688.712963		40.5		23.75
689.8541667		40.25		23.75
690.9513889		40.25		23.81
692.0625		40.5		23.81
693.2025463		40.5		23.81
694.3078704		40.25		23.81
695.4097222		40.5		23.81
696.5462963		40.5		23.81
697.6481481		40.25		23.75
698.7511574		40.5		23.81
699.8483796		40.5		23.81
700.9884259		40		23.81
702.0868056		40.75		23.81
703.2233796		40.25		23.81
704.3333333		40.75		23.81
705.4351852		41.25		23.75
706.53125		41		23.81
707.6678241		41		23.81
708.7662037		41		23.81
709.9016204		41.25		23.75
711.0046296		41		23.75
712.1030093		41.25		23.75
713.2430556		41.75		23.75
714.3425926		41.5		23.75
715.4490741		42		23.75
716.5636574		42		23.75
717.7060185		42		23.75
718.8078704		42		23.69
719.9131944		42		23.69
721.0162037		42		23.69
722.1574074		42.25		23.62
723.2569444		42.5		23.69
724.3611111		42		23.62
725.5046296		42.5		23.62
726.6087963		42.75		23.62
727.7060185		42.5		23.62
728.8483796		42.25		23.62
729.9421296		42.5		23.62
731.0451389		42.75		23.62
732.1828704		42.5		23.62
733.2824074		42.5		23.62
734.3819444		43		23.56
735.5208333		43		23.62
736.6203704		42.75		23.56
737.7268519		42.25		23.56
739.2685185		43.25		23.56
740.4456019		43.25		23.5
741.587963		43.5		23.44
742.6875		43.5		23.5
743.8263889		43.5		23.44
744.9224537		43.25		23.44
746.1053241		43.75		23.44
747.2465278		44		23.44
748.3483796		44		23.37
749.4895833		44.25		23.44
750.5949074		43.75		23.37
751.6967593		44		23.44
752.8310185		44.25		23.37
753.96875		44.5		23.37
755.0706019		44.25		23.31
756.2106481		44.5		23.31
757.3877315		44.75		23.37
758.4907407		44.5		23.31
759.630787		44.5		23.25
760.7349537		45		23.31
761.9236111		44.75		22.56
763.0208333		45.25		23.25
764.2013889		44.75		22.75
765.3043981		44.75		23.19
766.4074074		44.75		23.25
767.5497685		45.25		23.31
768.6481481		45.25		22.87
769.7453704		45		22.94
770.8854167		45.5		23.06
771.9861111		45.5		23.19
773.0949074		45.5		23.31
774.1944444		45.5		23.44
775.3333333		45.25		23.62
776.4375		46		23.75
777.5416667		45.75		23.87
778.6469907		45.75		24.06
779.755787		46		24.25
780.8587963		46		24.37
781.9976852		46.25		24.62
783.099537		46.25		24.81
784.2025463		45.5		24.94
785.3113426		45.75		25.06
786.4108796		46		25.31
787.59375		44.75		25.5
788.7384259		46		26.12
789.8391204		45.75		25.69
790.9340278		45.75		26
792.0729167		45.5		26.12
793.1724537		45.75		26.25
794.2696759		45.25		26.37
795.3784722		45		26.56
796.4884259		45		26.69
797.6296296		45		26.87
798.7268519		44.5		27
799.9791667		44.75		27.62
801.1203704		44.5		27.81
802.2638889		44		27.94
803.3611111		43.75		28.06
804.4675926		43.75		28.19
805.5717593		43.5		28.25
806.7083333		43.25		28.37
807.818287		42.75		28.5
808.9189815		43		28.56
810.0590278		43		28.62
811.1597222		42.75		28.75
812.2615741		43		28.81
813.400463		43		28.87
814.4976852		42.75		28.87
815.6030093		42.75		28.94
816.7164352		42.75		28.94
817.8530093		43		29
818.9618056		43		29
820.0706019		43		29
821.1689815		42		29.06
823.0185185		43.25		29.06
824.3125		43		29.12
825.412037		43.25		29.06
826.5520833		43.5		29.06
827.6539352		43.5		29.12
828.7534722		43.5		29.06
829.8923611		43.25		29.06
830.9988426		43.5		29.06
832.1041667		43		29.06
833.2141204		43		29
834.3171296		43.25		29.06
835.5381944		43.75		29
836.6469907		43.75		29
837.7928241		43.75		29
839.0162037		44.25		28.94
840.1990741		44.25		28.94
841.3020833		44.5		28.94
842.4456019		44.25		28.87
843.5555556		44.25		28.87
844.6585648		44.25		28.87
845.7638889		44		28.81
847.3391204		44.75		28.81
848.568287		44.75		28.75
849.6678241		44.75		28.75
850.7766204		44.75		28.69
851.8831019		45		28.69
853.0266204		44.75		28
854.1388889		44.5		28.62
855.2777778		44.5		28.62
856.3865741		45.25		28.62
857.4907407		45.25		28.06
858.5925926		45.25		28.19
859.6898148		45.25		28.25
860.8333333		45.75		28.31
861.9340278		45.25		28.44
863.0393519		45.5		28.56
864.1423611		45.5		28.62
865.2453704		45.5		28.69
866.3900463		46		28.75
867.4907407		46.25		28.87
868.5925926		46.25		29
869.6990741		46		29.06
870.8032407		46.5		29.19
871.9479167		46.25		29.37
873.0543981		46		29.5
874.1574074		46.25		29.62
875.2546296		46.5		29.69
876.3611111		46		29.81
877.474537		46.5		29.94
878.6099537		46.25		30.06
879.7048611		46.75		30.19
880.8090278		46.5		30.31
881.9525463		46.75		30.37
883.0578704		45.75		30.5
884.1655093		46.25		30.62
885.2685185		46		30.75
886.3703704		45.5		30.87
887.5104167		45.75		30.94
888.7071759		44.75		31.06
889.8078704		45.5		31.69
890.9097222		45		31.25
892.0138889		45.25		31.37
893.1539352		45		31.5
894.2581019		44.75		31.62
895.3634259		45		32.25
896.4733796		45		31.81
897.6180556		44.75		31.94
898.7222222		44.5		32.56
899.8680556		44.5		32.69
901.2106481		44.75		32.75
902.3969907		44		32.88
903.6643519		44.25		32.94
904.7673611		44		33.06
905.9097222		44		33.13
907.0185185		43.25		33.19
908.6354167		44		33.25
909.8530093		43.75		33.25
910.9965278		43.25		33.31
912.5358796		44		33.31
913.7534722		44		33.31
914.8935185		44		33.38
915.9965278		43.5		33.31
917.1400463		43.75		33.38
918.2476852		43.75		33.31
919.3541667		43.75		33.31
920.6643519		44.25		33.31
921.8622685		44.5		33.31
923.0046296		44.25		33.31
924.1168981		43.75		33.25
925.6550926		44.5		33.25
926.880787		44.5		33.25
927.9872685		44.25		33.19
929.099537		44		33.19
930.2430556		44		33.13
931.5509259		44.5		33.13
932.6898148		44		33.06
934.2650463		44.75		33
935.462963		44.75		33
936.5659722		44		32.94
937.869213		44.5		32.94
939.0856481		44.75		32.88
940.2175926		44.75		32.81
941.318287		45		32.81
942.4236111		45		32.13
943.5625		44.5		32.25
944.6666667		45		32.75
945.7685185		45.25		32.19
946.8773148		45.25		32.25
947.9814815		45.5		32.31
949.1284722		45.25		32.31
950.2268519		45.5		32.38
951.3298611		45.25		32.44
952.431713		45		32.5
953.537037		45.75		32.56
954.6759259		46		32.56
955.7789352		46.25		32.63
956.8784722		46		32.75
957.9884259		46.5		32.81
959.125		46		32.94
960.2199074		46.25		33
961.3518519		46.25		33.13
962.4537037		45.5		33.19
963.5520833		46.25		33.25
964.6909722		46.25		33.31
965.7962963		46.5		33.44
966.8993056		45.75		33.56
968.005787		46		33.63
969.1087963		45.5		33.75
970.2175926		45.75		33.81
971.3229167		46		33.88
972.4675926		45.75		33.94
973.5717593		46		34.06
974.6689815		46.25		34.13
975.7673611		45.5		34.25
976.9085648		46		34.31
978.0092593		45.5		34.38
979.1053241		45.25		34.44
980.2476852		45.5		34.5
981.3576389		45		34.63
982.4583333		45		34.69
983.5601852		45		34.75
984.6990741		44.25		34.88
986.2719907		44.75		35.38
987.4513889		44.5		35.5
988.5844907		44.5		35.56
989.7222222		44.5		35.63
990.8240741		44		35.69
992.0833333		44.25		35.69
993.2291667		44		35.75
994.3333333		44		35.75
995.5578704		44.25		35.81
996.6909722		44.25		35.81
997.7939815		43.75		35.81
998.9050926		43.5		35.81
1000.048611		43.75		35.81
1001.148148		43.25		35.81
1002.41088		43.75		35.81
1003.58912		43.75		35.81
1004.702546		43.75		35.81
1005.799769		43.75		35.75
1006.912037		43.5		35.75
1008.021991		43.75		35.75
1009.155093		44		35.69
1010.25463		43.5		35.69
1011.513889		44		35.69
1012.652778		43.5		35.63
1014.107639		44.25		35.56
1015.288194		44		35.56
1016.58912		44.5		35.5
1017.730324		44.25		35.44
1018.863426		44		35.38
1020.164352		44.5		35.31
1021.289352		44.5		35.31
1022.438657		44.5		35.25
1023.538194		44.5		35.25
1024.71875		44.75		35.19
1025.818287		45		35.13
1026.958333		44.75		34.56
1028.070602		44.75		35
1029.173611		44.5		35
1030.280093		45.25		35
1031.377315		45		34.5
1032.516204		45.75		34.5
1033.613426		45.5		34.5
1034.712963		46		34.5
1035.853009		45.5		34.56
1036.956019		46.25		34.63
1038.061343		46		34.63
1039.168981		46		34.69
1040.266204		45.75		34.75
1041.402778		46.5		34.75
1042.498843		46		34.81
1043.599537		46		34.81
1044.741898		46.75		34.94
1045.840278		46.5		35
1046.9375		46.25		35.06
1048.076389		46.25		35.13
1049.179398		46.5		35.19
1050.278935		46.25		35.25
1051.391204		46.25		35.38
1052.532407		46.25		35.44
1053.635417		46.5		35.5
1054.738426		46.25		35.56
1055.847222		45.75		35.63
1056.945602		46.5		35.69
1058.052083		45.75		35.75
1059.19213		46.25		35.81
1060.295139		45.5		35.88
1061.405093		45.75		35.94
1062.513889		45.75		36
1063.614583		45.25		36.06
1064.71875		45.5		36.13
1065.856481		45.5		36.19
1066.956019		45.5		36.25
1068.09375		45.25		36.25
1069.197917		45.25		36.31
1070.337963		44.75		36.38
1071.436343		45		36.94
1072.575231		45		36.31
1073.685185		44.75		36.56
1074.908565		44.75		37.13
1076.005787		45		37.19
1077.18287		44.75		36.56
1078.40625		44.75		37.25
1079.519676		44.25		37.31
1080.664352		45		37.31
1081.966435		44.5		36.81
1083.146991		44.5		37.38
1084.517361		44.75		37.38
1085.709491		44.25		37.44
1087.008102		44.5		37.44
1088.186343		44		37.44
1090.152778		44.75		37.44
1091.456019		44.25		37.38
1092.556713		44.25		37.38
1093.65625		44		37.38
1094.796296		43.5		37.38
1096.480324		44.25		37.38
1097.902778		44.5		37.25
1099.046296		44.25		37.25
1100.149306		44.25		37.25
1101.256944		44		37.19
1102.474537		44.25		37.19
1103.611111		44		37.13
1104.747685		44		37.06
1106.170139		44.5		37.06
1107.275463		45		37
1108.37963		45.25		36.38
1109.561343		44.5		36.38
1110.670139		44.5		36.88
1111.769676		45.25		36.88
1112.912037		45		36.25
1114.008102		44.75		36.38
1115.109954		44.75		36.88
1116.25463		45.25		36.88
1117.435185		44.5		36.25
1118.574074		45		36.88
1119.679398		45.5		36.38
1120.788194		45		36.44
1121.887731		45.25		36.38
1122.993056		45		36.38
1124.133102		45.5		36.38
1125.233796		45.5		36.44
1126.337963		45.25		36.5
1127.438657		45.25		36.44
1128.577546		45.5		36.44
1129.677083		45.75		36.56
1130.782407		45.75		36.63
1131.890046		45.75		36.63
1133.024306		45.75		36.69
1134.127315		46		36.69
1135.225694		45.5		36.75
1136.332176		45.75		36.81
1137.467593		45.75		36.88
1138.575231		45.75		36.88
1139.679398		45.75		36.94
1140.783565		45.5		37
1141.921296		45.75		37
1143.023148		45.25		37.06
1144.125		45.5		37.13
1145.225694		45.75		37.13
1146.365741		45.75		37.25
1147.454861		45.75		37.25
1148.584491		45.75		37.31
1149.677083		45.5		37.38
1150.806713		45.5		37.44
1151.903935		45.5		37.5
1153.010417		45.25		37.5
1154.121528		45.25		37.56
1155.232639		45.25		37.63
1156.341435		45.5		37.69
1157.447917		45		37.75
1158.590278		45		37.75
1159.690972		45		37.81
1160.793981		45		37.81
1161.944444		44.5		37.94
1163.324074		44.75		38.44
1164.428241		45		38.56
1165.612269		44.75		38
1166.840278		44.75		38.56
1167.979167		44.25		38.63
1169.283565		44.5		38.63
1170.702546		44.75		38.63
1171.887731		44.25		38.63
1173.032407		44.25		38.63
1174.136574		44		38.63
1175.251157		45		38.63
1176.716435		44.75		38.13
1177.859954		44.25		38.63
1178.961806		44.25		38.63
1180.260417		44.5		38.56
1181.399306		44.25		38.56
1182.702546		44.5		38.56
1183.842593		44.25		38.5
1185.136574		44.5		38.5
1186.278935		44		38.44
1187.5		44.25		38.44
1188.641204		45		38.44
1189.905093		44.5		37.88
1191.045139		44.5		38.38
1192.30787		44.75		38.31
1193.453704		45		38.31
1194.55787		45.25		37.75
1195.734954		44.5		37.81
1196.841435		45.25		38.31
1197.952546		45		37.63
1199.060185		45.25		37.75
1200.203704		44.5		37.75
1201.508102		44.75		38.25
1202.689815		44.75		38.25
1203.795139		44.75		38.25
1204.940972		45.25		38.25
1206.050926		45		37.56
1207.152778		45.25		37.69
1208.253472		45		37.69
1209.358796		45.25		37.69
1210.53588		44.75		37.69
1211.635417		45.5		38.19
1212.744213		45		37.5
1213.886574		45		37.69
1214.990741		45.75		37.75
1216.08912		45.25		37.75
1217.195602		45.5		37.75
1218.300926		45.5		37.75
1219.446759		45.75		37.81
1220.549769		45.25		37.88
1221.653935		45.5		37.81
1222.760417		45		37.88
1223.861111		45.5		37.88
1224.974537		45.5		37.94
1226.079861		45.25		38
1227.221065		45.25		38
1228.325231		45.25		38
1229.425926		45.25		38.13
1230.534722		45.5		38.13
1231.637731		45.25		38.13
1232.780093		45.75		38.19
1234.042824		44.75		38.19
1235.146991		45.25		38.69
1236.260417		45.25		38.13
1237.396991		45.25		38.25
1238.502315		44.75		38.31
1239.637731		45.25		38.81
1240.741898		45.25		38.25
1241.883102		44.75		38.44
1242.987269		45		38.94
1244.091435		45		38.44
1245.231481		45		38.5
1246.368056		44.5		38.5
1247.480324		44.25		39
1248.773148		44.5		39.06
1249.914352		44.25		39.06
1251.216435		44.5		39.06
1252.560185		44.75		39.13
1253.782407		44.75		39.13
1254.885417		44.25		39.13
1255.994213		44.25		39.13
1257.135417		44.25		39.13
1258.24537		44.25		39.06
1259.349537		44		39.06
1260.569444		44.25		39.06
1261.710648		44		39.06
1263.131944		44.5		39
1264.355324		44.5		38.94
1265.461806		44		38.94
1266.878472		44.5		38.88
1268.0625		44.5		38.88
1269.166667		44.5		38.81
1270.270833		44.5		38.75
1271.538194		44.75		38.75
1272.68287		44		38.69
1273.78125		45		38.63
1275.166667		44.75		38.06
1276.269676		44.5		38.56
1277.528935		44.75		38.5
1278.633102		45		38.5
1279.736111		45		37.88
1280.842593		44.75		37.94
1281.954861		44.75		38.44
1283.101852		45		38.44
1284.243056		44.5		37.69
1285.347222		45.25		38.38
1286.451389		45		37.69
1287.55787		45.5		37.81
1288.665509		45.25		37.81
1289.770833		45		37.81
1290.918981		45.5		37.81
1292.02662		45.75		37.81
1293.134259		45.5		37.81
1294.25		45.5		37.81
1295.329861		45.75		37.81
1296.47338		45		37.81
1297.571759		45.75		37.88
1298.679398		46		37.94
1299.782407		45.5		37.94
1300.884259		46		37.94
1302.021991		45.75		37.94
1303.126157		46		38.06
1304.230324		46		38.06
1305.342593		46.25		38.06
1306.451389		46.25		38.13
1307.559028		46		38.19
1308.664352		45.5		38.19
1309.805556		45.75		38.25
1310.909722		45.5		38.31
1312.017361		45.75		38.38
1313.116898		46		38.38
1314.252315		46.25		38.38
1315.354167		45.5		38.44
1316.446759		45.75		38.44
1317.596065		45		38.5
1318.668981		45		38.5
1319.813657		45.5		38.56
1320.922454		45.75		38.56
1322.013889		45.5		38.56
1323.12037		45.5		38.63
1324.231481		45.25		38.69
1325.342593		45		38.63
1326.456019		45.25		38.69
1327.577546		45.25		38.69
1328.680556		45.25		38.75
1329.803241		45.25		38.75
1330.94213		44.75		38.81
1332.063657		45.5		39.31
1333.158565		45		38.81
1334.269676		44.75		38.81
1335.388889		45		39.38
1336.584491		44.5		38.69
1337.971065		44.75		39.38
1339.246528		44.75		39.38
1340.480324		44.75		39.38
1341.699074		44.75		39.38
1342.837963		45		39.38
1344.019676		44.75		38.81
1345.116898		44.5		39.44
1346.494213		44.75		39.44
1347.677083		44		39.38
1348.97338		44.25		39.38
1350.15162		44		39.38
1351.259259		44		39.38
1352.373843		44		39.31
1353.869213		44.5		39.31
1355.09375		44.5		39.25
1356.27662		44.5		39.25
1357.417824		44.5		39.19
1358.520833		44.5		39.19
1359.662037		44.25		39.19
1360.760417		44.25		39.13
1361.90625		44.25		39.06
1363.012731		44.25		39.06
1364.284722		44.5		39
1365.429398		44.5		38.94
1366.527778		45		38.94
1367.747685		44.75		38.13
1368.883102		44.75		38.81
1370.02662		44.75		38.75
1371.128472		44.25		38.69
1372.62037		44.75		38.69
1373.844907		44.75		38.63
1374.954861		45		38.63
1376.059028		45.25		37.88
1377.159722		45.5		38.06
1378.298611		45.5		38
1379.403935		45		38
1380.50463		45.5		37.94
1381.636574		45.25		37.94
1382.733796		45.5		37.94
1383.847222		45		37.94
1384.961806		45.5		37.94
1386.074074		45.5		37.94
1387.162037		45.5		37.94
1388.280093		46		37.94
1389.383102		46.25		37.94
1390.530093		46		37.94
1391.618056		45.75		38
1392.738426		46.25		38
1393.857639		46		38
1394.97338		46.25		38.06
1396.077546		46		38.06
1397.179398		46.5		38.06
1398.296296		46.25		38.13
1399.40162		46.25		38.13
1400.505787		46		38.13
1401.611111		45.75		38.13
1402.753472		46.25		38.19
1403.856481		46		38.19
1404.960648		46.25		38.25
1406.064815		46		38.31
1407.162037		46.25		38.31
1408.299769		45.75		38.38
1409.402778		46.25		38.38
1410.503472		45.5		38.5
1411.611111		46		38.5
1412.747685		46.25		38.56
1413.853009		46		38.56
1414.959491		45.75		38.63
1416.064815		45.75		38.63
1417.181713		45.5		38.69
1418.314815		46		38.69
1419.390046		45.5		38.75
1420.511574		45.75		38.81
1421.62037		45.25		38.81
1422.737269		45.75		38.88
1423.849537		45.25		38.88
1424.966435		45.5		38.94
1426.085648		45		38.94
1427.190972		45.25		39.06
1428.306713		45		39.06
1429.413194		45.5		39.06
1430.518519		45.25		39.13
1431.662037		44.5		39.13
1432.78125		45.25		39.69
1433.888889		45		39
1435.112269		44.75		39.19
1436.229167		45		39.69
1437.532407		44.75		39.06
1438.634259		45		39.75
1439.773148		45		39.13
1441.008102		44.75		39.31
1442.114583		45		39.81
1443.215278		45		39.25
1444.409722		44.5		39.38
1445.715278		44.5		39.81
1447.059028		44.5		39.88
1448.446759		44.5		39.88
1449.59375		44		39.88
1451.429398		44.5		39.88
1452.689815		44.25		39.81
1453.946759		44.25		39.88
1455.25		44.25		39.81
1456.357639		43.75		39.81
1457.540509		43.75		39.75
1459.238426		44.25		39.75
1460.503472		43.5		39.69
1462.086806		44		39.63
1463.896991		44.5		39.56
1465.164352		44.25		39.5
1466.380787		44.25		39.5
1468.157407		44.75		39.5
1469.409722		44.5		39.38
1470.555556		44.25		39.38
1472.28125		44.75		39.31
1473.385417		45		39.19
1474.486111		45		38.5
1475.627315		45		38.56
1476.730324		45.25		38.5
1477.831019		45		38.5
1478.944444		45		38.5
1480.050926		45		38.56
1481.157407		45.25		38.5
1482.296296		45		38.5
1483.398148		45.25		38.5
1484.619213		44.75		38.5
1485.716435		45.5		39.06
1486.824074		45.25		38.38
1487.927083		45.25		38.56
1489.030093		45.25		38.56
1490.170139		45		38.63
1491.278935		45.5		38.63
1492.376157		45.25		38.63
1493.481481		45.5		38.69
1494.62037		45.5		38.75
1495.721065		45.5		38.75
1496.821759		45.25		38.81
1497.93287		45.5		38.88
1499.034722		45.5		38.88
1500.180556		45.25		38.88
1501.278935		45		38.94
1502.388889		45.25		38.94
1503.494213		45.75		38.94
1504.596065		45.5		39.06
1505.734954		45.75		39
1506.83912		45.75		39
1507.944444		45.25		39.06
1509.043981		45.5		39.06
1510.186343		45.75		39.13
1511.290509		45		39.13
1512.393519		45.25		39.13
1513.498843		45.25		39.13
1514.68287		44.75		39.19
1515.788194		45.25		39.75
1516.923611		45		39.06
1518.027778		45		39.25
1519.128472		45		39.25
1520.354167		44.75		39.31
1521.459491		44.25		39.81
1522.600694		45		39.81
1524.056713		44.75		39.31
1525.170139		45		39.88
1526.30787		45		39.19
1527.489583		44.75		39.38
1528.622685		44.25		39.88
1530.116898		44.5		39.94
1531.6875		44.75		39.88
1532.91088		44.5		39.88
1534.443287		44.75		39.88
1535.623843		44.5		39.88
1537.122685		44.75		39.81
1538.346065		44		39.81
1540.074074		44.5		39.75
1541.694444		44.75		39.69
1542.873843		44.25		39.69
1544.327546		44.5		39.63
1545.623843		44.5		39.63
1546.760417		44.25		39.56
1548.180556		44.5		39.5
1549.482639		44.5		39.5
1550.706019		44.5		39.44
1552.163194		44.75		39.38
1553.34375		44.5		39.31
1554.793981		44.75		39.25
1556.130787		44.75		39.19
1557.391204		44.75		39.13
1558.490741		45		39.06
1559.706019		44.75		38.25
1560.809028		45.25		38.94
1561.907407		45.25		38.31
1563.043981		45		38.38
1564.149306		44.75		38.38
1565.253472		44.5		38.88
1566.358796		45.25		38.88
1567.497685		45.5		38.25
1568.599537		45.25		38.31
1569.701389		45.5		38.38
1570.83912		45.25		38.31
1571.950231		45		38.31
1573.053241		45.75		38.31
1574.155093		45.75		38.31
1575.25463		45.75		38.31
1576.394676		45.5		38.31
1577.488426		45.5		38.31
1578.591435		45.5		38.38
1579.730324		45.25		38.38
1580.828704		46		38.44
1581.927083		46		38.5
1583.034722		46.5		38.5
1584.172454		46		38.5
1585.284722		46.5		38.5
1586.386574		46.25		38.56
1587.482639		46.25		38.56
1588.622685		45.75		38.69
1589.719907		46		38.69
1590.815972		45.25		38.69
1591.954861		45.25		38.75
1593.061343		46		38.81
1594.163194		46		38.81
1595.270833		46.25		38.88
1596.407407		46.25		38.94
1597.505787		45.75		38.88
1598.603009		46		39
1599.739583		46		39
1600.837963		45.5		39
1601.935185		45.25		39.13
1603.074074		45.75		39.13
1604.172454		45.5		39.13
1605.270833		46		39.19
1606.376157		45.75		39.19
1607.519676		45.75		39.25
1608.62037		45		39.31
1609.71875		45.5		39.25
1610.825231		45.5		39.31
1611.965278		45		39.31
1613.070602		45.5		39.38
1614.164352		45.25		39.44
1615.303241		45.25		39.44
1616.40162		45.5		39.44
1617.50463		45.5		39.5
1618.612269		45		39.5
1619.71875		45.25		39.5
1621.054398		44.75		39.5
1622.311343		44.5		40.06
1623.409722		45		40.06
1624.513889		45		39.38
1625.616898		45		39.56
1626.71875		45		39.56
1627.94213		44.5		39.56
1629.050926		45		40.06
1630.152778		45		39.5
1631.52662		44.75		39.56
1632.678241		44.25		40.13
1634.365741		44.5		40.13
1635.940972		44.5		40.13
1637.398148		44.5		40.13
1638.888889		44.5		40.13
1640.071759		44		40.06
1642.133102		44.5		40.06
1643.741898		44.5		40
1645.197917		44.5		39.94
1646.612269		44.5		39.88
1648.069444		44.5		39.88
1649.299769		44.25		39.81
1650.615741		44.25		39.75
1652.253472		44.5		39.69
1653.53588		44.25		39.63
1654.853009		44.25		39.56
1656.186343		44.25		39.5
1657.799769		44.5		39.44
1659.538194		44.75		39.38
1660.83912		44.5		39.31
1662.181713		44.5		39.25
1663.287037		45		39.19
1664.603009		44.5		38.5
1665.759259		44.25		39.13
1667.737269		44.75		39.06
1669.085648		44.5		39
1670.190972		45		38.94
1671.299769		45		38.25
1672.403935		45		38.31
1673.509259		45.5		38.38
1674.618056		45.25		38.31
1675.773148		44.5		38.31
1676.880787		45.25		38.81
1678.018519		45.5		38.13
1679.125		45.5		38.31
1680.225694		45		38.31
1681.332176		45.5		38.25
1682.444444		45.5		38.25
1683.537037		46		38.31
1684.680556		46		38.31
1685.793981		45.5		38.25
