0		19.25		18.31
1.666666667		18.5		18.31
2.777777778		19		18.31
3.888888889		19		18.25
5		18.75		18.31
6.111111111		19		18.31
7.204861111		18.75		18.25
8.314814815		19		18.31
9.425925926		18.75		18.31
10.53703704		19		18.31
11.64814815		18.5		18.31
12.80555556		18.5		18.25
13.91666667		19		18.31
15.01967593		18.75		18.31
16.13078704		18.25		18.31
17.2337963		18.5		18.31
18.34375		19		18.31
19.45486111		19		18.31
20.56597222		19		18.31
21.67708333		19		18.31
22.82060185		19.25		18.25
23.93171296		18.75		18.31
25.04282407		19.25		18.25
26.15393519		19.25		18.31
27.2650463		18.75		18.31
28.37615741		19.5		18.31
29.48726852		19		18.31
30.59722222		19.5		18.25
31.70833333		19.5		18.25
32.81944444		19.25		18.31
33.93055556		19.75		18.31
35.04166667		19.5		18.25
36.19097222		19.5		18.25
37.30208333		19		18.25
38.41319444		19.75		18.25
39.52430556		19.5		18.25
40.63541667		20		18.25
41.74768519		19.75		18.25
42.8587963		19.5		18.25
43.96990741		20.25		18.25
45.08101852		20.25		18.25
46.19212963		20.5		18.31
47.30208333		20.25		18.25
48.41319444		20.75		18.25
49.52430556		20.75		18.31
50.6724537		20.5		18.25
51.76851852		20.5		18.25
52.86689815		20.5		18.25
53.97800926		20.5		18.31
55.08912037		20.75		18.25
56.20023148		20.5		18.31
57.31134259		21		18.31
58.46875		20		18.25
59.57986111		21.25		18.31
60.69097222		21		18.31
61.80208333		21.25		18.31
62.91319444		20.75		18.25
64.02430556		20.75		18.25
65.13425926		21.5		18.31
66.24537037		21.25		18.31
67.35763889		21.25		18.31
68.46875		21.5		18.25
69.57986111		21.75		18.31
70.69097222		21.5		18.31
71.80208333		21.5		18.25
72.91319444		21.75		18.31
74.02430556		21.75		18.31
75.13541667		22		18.31
76.26388889		22		18.31
77.375		21.5		18.25
78.48611111		22.25		18.31
79.59722222		22.25		18.31
80.70833333		22		18.31
81.81944444		22.25		18.31
82.93055556		22.5		18.25
84.04050926		22.5		18.25
85.19212963		22.75		18.31
86.30671296		22.5		18.25
87.41782407		22.5		18.31
88.52199074		22.75		18.31
89.63310185		23		18.31
90.74421296		23		18.31
91.85532407		23		18.31
92.96643519		23.25		18.25
94.0775463		23.5		18.31
95.1875		23.25		18.31
96.29861111		22.5		18.31
97.40972222		23.5		18.31
98.52083333		23.25		18.31
99.63194444		23.25		18.31
100.7893519		23		18.31
101.900463		22.75		18.31
103.0115741		23.25		18.31
104.1226852		23.25		18.31
105.2337963		23.25		18.31
106.34375		23.5		18.31
107.4548611		23.5		18.31
108.5659722		23.25		18.31
109.6770833		23.5		18.31
110.7881944		23		18.31
111.8993056		23.75		18.31
113.0104167		24		18.31
114.1458333		24.25		18.31
115.2569444		23.75		18.31
116.3680556		24		18.31
117.4791667		24.25		18.25
118.5902778		24.25		18.31
119.6875		24.5		18.31
120.7986111		24.25		18.31
121.9097222		24.5		18.31
123.0555556		24.5		18.31
124.1539352		24.75		18.31
125.2650463		24.5		18.31
126.375		24.75		18.31
127.4861111		24.5		18.31
128.5972222		24.75		18.31
129.7083333		24.75		18.31
130.8194444		24.75		18.31
131.9305556		24.5		18.31
133.0416667		25		18.31
134.1990741		25		18.31
135.3101852		25		18.31
136.4212963		25.25		18.31
137.53125		24.75		18.31
138.6423611		24.75		18.31
139.7534722		25		18.31
140.8645833		25.25		18.31
141.9756944		25		18.25
143.0868056		25.75		18.31
144.1979167		25.5		18.31
145.3090278		25.25		18.31
146.4074074		25.75		18.25
147.5648148		25.75		18.31
148.6759259		25.5		18.31
149.787037		25.75		18.31
150.8981481		25.25		18.31
152.0092593		25.75		18.31
153.1111111		25.75		18.31
154.2210648		25.5		18.31
155.3321759		26		18.37
156.443287		25.75		18.31
157.5543981		26		18.31
158.7002315		25.5		18.37
159.8009259		26		18.37
160.912037		25.5		18.37
162.0231481		25.75		18.31
163.1331019		26		18.31
164.244213		26		18.31
165.3553241		26.5		18.37
166.4664352		26.5		18.37
167.5775463		26.5		18.37
168.6886574		26.25		18.31
169.7997685		26		18.31
170.9108796		26		18.37
172.068287		26.25		18.37
173.1793981		26.5		18.31
174.2893519		26.25		18.37
175.3923611		26.75		18.31
176.5034722		26.75		18.31
177.6134259		26.5		18.31
178.724537		26.75		18.31
179.8356481		26.75		18.31
180.9467593		27		18.37
182.0578704		27		18.31
183.1689815		26.75		18.31
184.2800926		27		18.31
185.3912037		27.25		18.37
186.5486111		27		18.25
187.6597222		26.75		18.37
188.7696759		26.5		18.37
189.880787		27		18.31
190.9918981		27		18.37
192.1030093		27.25		18.31
193.2141204		27.25		18.31
194.3275463		27.5		18.31
195.4375		27.5		18.37
196.5416667		27.25		18.31
197.6527778		27.5		18.31
198.7638889		27.25		18.37
199.875		27.5		18.31
200.9861111		27.25		18.31
202.1423611		27.75		18.31
203.2071759		27.25		18.31
204.3587963		27.75		18.31
205.4699074		27.25		18.31
206.5810185		27.75		18.37
207.6863426		27.25		18.37
208.7928241		28		18.31
209.9039352		28		18.31
211.0150463		28		18.31
212.1261574		28		18.31
213.2372685		28		18.37
214.3483796		28		18.31
215.4583333		28.5		18.37
216.6157407		27.75		18.31
217.7268519		27.75		18.31
218.837963		28		18.37
219.9490741		27.75		18.37
221.0601852		28.25		18.37
222.1712963		28.25		18.37
223.2824074		28.25		18.37
224.3935185		28.5		18.37
225.5046296		28.25		18.37
226.6145833		28.25		18.37
227.7256944		28.5		18.37
228.8368056		28		18.37
229.9502315		28		18.37
231.0613426		28.25		18.37
232.1967593		28.75		18.37
233.3078704		28		18.37
234.4189815		28		18.37
235.5300926		29		18.37
236.6412037		28.75		18.44
237.7523148		28.5		18.37
238.8969907		28.75		18.37
239.9618056		29		18.37
241.1180556		29		18.37
242.2291667		29.25		18.37
243.3402778		29		18.37
244.4513889		29		18.37
245.5625		29.5		18.37
246.6736111		28.75		18.37
247.7847222		29		18.37
248.8958333		28.75		18.31
250.0069444		29.5		18.37
251.1180556		29.5		18.37
252.2280093		29.25		18.37
253.3391204		29.25		18.37
254.4502315		29.5		18.37
255.5613426		29.5		18.44
256.6724537		29.5		18.37
257.7835648		29.75		18.37
258.8946759		29.5		18.37
260.0520833		29.75		18.37
261.1631944		29.75		18.37
262.2743056		29.5		18.37
263.3842593		29.75		18.37
264.4953704		29.5		18.37
265.6064815		29		18.31
266.712963		29.75		18.37
267.8055556		30		18.37
268.9166667		30.25		18.31
270.0740741		30.25		18.37
271.1851852		29.75		18.37
272.2881944		30		18.37
273.3993056		29.25		18.37
274.5023148		30.25		18.31
275.6134259		30		18.37
276.724537		29.75		18.37
277.8356481		30.25		18.37
278.9467593		30.25		18.44
280.0578704		30.5		18.44
281.1678241		30		18.37
282.3252315		30.25		18.37
283.3900463		30.25		18.37
284.5474537		30.5		18.37
285.6585648		30.5		18.44
286.7696759		30.5		18.37
287.880787		30.25		18.37
288.974537		30.25		18.44
290.0856481		30.75		18.44
291.1967593		30.75		18.44
292.3101852		30.75		18.37
293.4212963		30.75		18.37
294.5324074		31		18.37
295.6435185		30.75		18.37
296.8009259		31		18.37
297.912037		30.75		18.44
299.0219907		31.25		18.37
300.1331019		31		18.37
301.244213		31		18.37
302.3553241		31		18.37
303.4513889		31		18.37
304.5625		31.25		18.37
305.6736111		31.25		18.37
306.7847222		31.25		18.37
307.8958333		31.25		18.37
309.0532407		31		18.37
310.1631944		31.25		18.37
311.2743056		31.5		18.37
312.3854167		31.25		18.37
313.4965278		31.25		18.44
314.6076389		31.5		18.37
315.71875		31.25		18.44
316.8298611		31.75		18.37
317.9409722		31.25		18.37
319.0520833		32		18.37
320.1631944		31.5		18.44
321.2743056		31.75		18.44
322.4155093		31.5		18.44
323.5219907		32		18.44
324.6342593		31.75		18.44
325.7210648		31.5		18.44
326.869213		32.25		18.37
327.9710648		31.75		18.37
329.0833333		32.25		18.37
330.2013889		32.5		18.44
331.3310185		32.25		18.37
332.4305556		32		18.37
333.5289352		32.25		18.37
334.6342593		32.5		18.37
335.78125		32.25		18.44
336.8796296		32.5		18.44
337.974537		32.5		18.37
339.1215278		32.75		18.37
340.2210648		32.5		18.44
341.3472222		32.25		18.31
342.4606481		32		18.44
343.5601852		32.25		18.37
344.6793981		32.5		18.37
345.7789352		32.75		18.44
346.8842593		32.5		18.44
348.0243056		33		18.44
349.1342593		32.25		18.44
350.2361111		33		18.44
351.337963		33		18.44
352.4849537		33		18.37
353.5902778		33		18.37
354.6956019		32.5		18.44
355.8298611		33.25		18.37
356.9363426		33.25		18.44
358.0335648		33		18.37
359.1354167		33.5		18.44
360.2638889		32.75		18.37
361.3599537		33.5		18.37
362.4826389		33.25		18.37
363.6261574		33.25		18.37
364.7175926		33.5		18.44
365.8391204		33.5		18.37
366.9282407		33.25		18.44
368.0405093		33.75		18.37
369.1643519		33.75		18.44
370.306713		33.25		18.44
371.3888889		33		18.37
372.5185185		33.5		18.37
373.619213		33.75		18.44
374.7256944		34		18.44
375.84375		33.75		18.37
376.9525463		33.5		18.37
378.0891204		33.75		18.37
379.2002315		34		18.37
380.3090278		33.5		18.44
381.4456019		33.75		18.37
382.5648148		34		18.44
383.6689815		33.25		18.37
384.7581019		33.5		18.44
385.8622685		34		18.37
386.9722222		33.75		18.37
388.1134259		34		18.37
389.224537		34		18.37
390.3356481		34.5		18.37
391.4467593		34		18.37
392.5578704		34.25		18.37
393.6689815		34		18.37
394.7800926		34.25		18.37
395.8900463		34.5		18.37
397.0381944		34.5		18.37
398.1493056		33.75		18.37
399.2604167		34.5		18.37
400.3622685		34.25		18.37
401.4861111		34		18.37
402.6064815		34.25		18.37
403.7106481		34.75		18.44
404.7986111		34.5		18.37
405.9166667		34.75		18.37
407.0601852		34.5		18.37
408.1377315		35.25		18.37
409.287037		34.75		18.37
410.3969907		34.75		18.37
411.5127315		34.5		18.37
412.6053241		35		18.37
413.7361111		34.75		18.37
414.8368056		34.75		18.37
415.9594907		35		18.37
417.0648148		34.5		18.44
418.1770833		35.25		18.37
419.2893519		35		18.44
420.4027778		35		18.44
421.5289352		35.25		18.44
422.662037		35.25		18.44
423.7685185		35.5		18.37
424.8553241		35.5		18.37
425.9675926		35.25		18.37
427.1041667		35.5		18.44
428.1967593		34.5		18.44
429.3055556		35		18.37
430.4305556		35		18.37
431.5497685		35.5		18.37
432.6655093		35.5		18.44
433.7627315		35.5		18.44
434.9108796		35.5		18.44
436.0208333		35.25		18.37
437.099537		35.75		18.37
438.2152778		35.5		18.37
439.3576389		35.5		18.37
440.4467593		35.75		18.37
441.5543981		36		18.37
442.6956019		36		18.37
443.8032407		35.25		18.37
444.9039352		36		18.37
446.0347222		35.5		18.37
447.1574074		35.75		18.37
448.2303241		35.75		18.44
449.3738426		36.25		18.37
450.4837963		36.25		18.37
451.5949074		35.5		18.37
452.7118056		36		18.37
453.8194444		35.75		18.37
454.9282407		35.75		18.37
456.0381944		36.5		18.37
457.1435185		36.25		18.37
458.2835648		36.75		18.37
459.4050926		36.25		18.37
460.5104167		36.25		18.37
461.6145833		36.5		18.31
462.7268519		36.25		18.37
463.8287037		36.5		18.37
464.974537		36.25		18.37
466.0902778		36		18.37
467.1979167		36.25		18.37
468.3043981		36.5		18.37
469.4050926		36		18.37
470.5115741		36.5		18.37
471.6226852		36.5		18.37
472.7314815		37		18.37
473.8773148		37		18.37
474.9884259		36.75		18.37
476.0925926		36.75		18.37
477.1956019		36.5		18.37
478.3171296		36.75		18.37
479.4236111		37		18.44
480.5335648		36.5		18.44
481.6805556		37.25		18.44
482.7951389		37		18.44
483.8900463		36.5		18.44
485.0115741		37.25		18.37
486.1157407		37.25		18.44
487.2199074		37.5		18.44
488.3634259		37		18.44
489.4710648		37		18.44
490.5775463		37		18.44
491.6840278		37		18.44
492.7893519		37.25		18.44
493.90625		36.75		18.44
495.0162037		37.5		18.44
496.1643519		37.5		18.44
497.2384259		37.5		18.44
498.3541667		37.5		18.44
499.462963		37.75		18.44
500.6134259		37.25		18.44
501.6944444		38		18.44
502.8136574		38		18.44
503.9537037		37.75		18.44
505.0671296		38		18.44
506.1631944		37.5		18.44
507.2905093		37		18.44
508.4108796		37.75		18.44
509.5289352		38.25		18.44
510.6099537		38		18.44
511.7361111		38		18.44
512.8530093		37.75		18.44
513.9490741		37.75		18.44
515.0798611		37.5		18.44
516.1782407		38		18.44
517.3055556		37.75		18.44
518.4074074		38		18.44
519.5416667		37.5		18.44
520.6585648		38.5		18.44
521.7766204		38.25		18.44
522.8819444		37.75		18.44
523.9710648		38.5		18.44
525.1157407		38.5		18.44
526.2291667		38.75		18.44
527.3125		38.75		18.44
528.462963		38.5		18.44
529.556713		38.5		18.44
530.650463		38.75		18.44
531.7835648		38.25		18.44
532.8981481		38.75		18.44
534.0115741		38.25		18.44
535.1446759		39		18.44
536.2523148		38.5		18.44
537.3645833		38.75		18.37
538.4791667		38.75		18.44
539.5925926		38.75		18.44
540.6898148		39.25		18.44
541.8229167		38.75		18.44
542.9398148		39		18.44
544.0196759		38.75		18.44
545.1342593		38.75		18.44
546.2407407		39		18.44
547.3680556		38.75		18.44
548.5023148		39		18.44
549.6157407		39.25		18.44
550.7268519		39.25		18.44
551.8356481		39		18.44
552.9305556		38.75		18.37
554.0416667		39.25		18.37
555.193287		39.25		18.37
556.3043981		39.5		18.44
557.4155093		38.75		18.44
558.5266204		39.5		18.44
559.6111111		39.5		18.44
560.7372685		38.75		18.37
561.8402778		39.25		18.37
562.9537037		39.75		18.44
564.0648148		39.5		18.37
565.2037037		39.5		18.44
566.3136574		39		18.44
567.4247685		39.25		18.37
568.5405093		39.5		18.44
569.662037		39.5		18.44
570.7650463		40		18.44
571.9074074		39.75		18.44
572.9768519		40		18.44
574.1331019		39.75		18.44
575.2210648		40		18.44
576.3356481		39.5		18.44
577.4525463		39.5		18.44
578.568287		39.5		18.44
579.662037		40		18.44
580.7962963		39.75		18.44
581.9189815		39.5		18.44
583.0138889		40		18.44
584.1377315		40		18.44
585.2615741		40.25		18.44
586.3587963		39.75		18.44
587.4791667		39.75		18.44
588.6064815		39.75		18.44
589.7222222		40.25		18.44
590.8240741		40.5		18.44
591.9351852		40.5		18.44
593.0486111		40		18.44
594.1597222		40		18.44
595.2777778		40.25		18.44
596.3854167		40.25		18.44
597.5173611		40.5		18.44
598.6041667		40.5		18.44
599.7118056		40.25		18.44
600.8368056		40.25		18.44
601.9699074		40.5		18.37
603.0497685		40.25		18.44
604.2037037		40.5		18.5
605.3148148		40.75		18.44
606.3981481		41		18.44
607.5289352		40.25		18.44
608.6168981		41		18.44
609.7592593		41		18.44
610.8831019		41		18.44
612		41		18.37
613.099537		41		18.44
614.2060185		41		18.37
615.3194444		40.75		18.44
616.4259259		41.25		18.37
617.5300926		40.75		18.44
618.6712963		41.25		18.44
619.775463		41		18.37
620.8715278		40.5		18.37
622.0277778		41.25		18.37
623.125		40.75		18.37
624.2395833		41.25		18.37
625.3599537		41.25		18.37
626.4525463		41.25		18.44
627.5775463		41.5		18.44
628.6909722		41.5		18.37
629.7916667		41.25		18.37
630.931713		41.5		18.44
632.0439815		41.5		18.44
633.1550926		40.75		18.44
634.2615741		41.25		18.44
635.3726852		41.5		18.44
636.4837963		41.25		18.37
637.5949074		41.25		18.44
638.7060185		41.75		18.37
639.8171296		41.75		18.44
640.9606481		41.75		18.44
642.0717593		41.75		18.44
643.1828704		41.75		18.44
644.2939815		41.5		18.44
645.4050926		41.75		18.44
646.5162037		41.5		18.44
647.6261574		41.75		18.44
648.7372685		41.5		18.44
649.8483796		42		18.44
650.9594907		41.75		18.44
652.0706019		41.75		18.44
653.181713		42		18.44
654.318287		41.5		18.44
655.4293981		41.75		18.37
656.5393519		42.25		18.37
657.650463		42.25		18.37
658.7615741		42.25		18.37
659.8726852		42.25		18.44
661.0092593		41.75		18.44
662.087963		41.75		18.44
663.2152778		42.25		18.44
664.3229167		42.25		18.37
665.4502315		42		18.44
666.5543981		42.25		18.44
667.65625		42.5		18.37
668.78125		42.5		18.37
669.880787		42.25		18.44
671.0011574		42.5		18.37
672.1412037		42.25		18.37
673.2222222		42.75		18.44
674.3460648		42.5		18.44
675.4756944		42.75		18.44
676.5949074		42.25		18.44
677.693287		42.75		18.44
678.8113426		42		18.44
679.9375		42.25		18.44
681.0486111		42.5		18.44
682.1597222		43		18.37
683.2638889		43		18.37
684.3946759		43.25		18.37
685.4988426		42.75		18.37
686.6145833		43		18.37
687.7314815		42.75		18.44
688.8530093		42.75		18.37
689.9236111		43.5		18.37
691.0810185		42.75		18.44
692.1643519		43		18.44
693.275463		42.5		18.44
694.3865741		43		18.44
695.5092593		43.25		18.44
696.6134259		42.75		18.44
697.724537		43		18.44
698.875		42.75		18.44
699.9861111		43.25		18.44
701.0960648		43		18.44
702.2071759		43		18.44
703.318287		43.5		18.44
704.4293981		43		18.5
705.5405093		43		18.37
706.6516204		43.75		18.44
707.7627315		43.5		18.44
708.8680556		43.75		18.5
709.9791667		43.25		18.44
711.0902778		43.75		18.44
712.2210648		43.75		18.44
713.3391204		43.5		18.37
714.4525463		43.5		18.44
715.5590278		44		18.44
716.6608796		43.5		18.44
717.7719907		44		18.44
718.9224537		43.75		18.44
720.0335648		43.5		18.44
721.1446759		44		18.44
722.255787		43.5		18.44
723.3668981		44.25		18.44
724.4583333		44.25		18.44
725.5694444		43.75		18.44
726.6805556		44		18.44
727.7916667		43.75		18.44
728.9027778		44.25		18.44
730.0486111		44.5		18.44
731.1412037		44		18.37
732.2511574		44.25		18.37
733.3622685		44.5		18.44
734.5138889		44		18.44
735.625		44.5		18.44
736.7384259		44.25		18.5
737.849537		44.5		18.44
738.9606481		44.25		18.44
740.0601852		44.75		18.44
741.1712963		44.5		18.44
742.2824074		44.5		18.44
743.3923611		44.75		18.44
744.5034722		44		18.44
745.6145833		44.25		18.44
746.7256944		44.75		18.44
747.8368056		44.75		18.44
748.994213		45		18.44
750.1053241		44.75		18.44
751.2164352		44.75		18.44
752.3229167		45		18.44
753.4340278		45		18.44
754.5451389		45.25		18.44
755.65625		45		18.44
756.7673611		45		18.44
757.8784722		44.75		18.44
758.9895833		45.25		18.44
760.1006944		45		18.5
761.2118056		45		18.44
762.3622685		44.75		18.44
763.4733796		45.75		18.44
764.5844907		45.25		18.5
765.7418981		45		18.44
766.8530093		45.25		18.44
767.9594907		45.25		18.5
769.0648148		44.75		18.44
770.1747685		45.25		18.44
771.2858796		45.75		18.44
772.3969907		45.25		18.44
773.5081019		45.5		18.44
774.6180556		45.75		18.44
775.7291667		45		18.44
776.8402778		45.25		18.44
777.9513889		45.5		18.5
779.0625		45.25		18.44
780.2199074		45.75		18.44
781.3310185		46		18.44
782.4421296		45.25		18.44
783.5497685		45.5		18.44
784.6608796		46		18.44
785.7719907		46		18.44
786.8831019		45.5		18.44
787.9930556		45.25		18.44
789.1041667		45.75		18.44
790.2118056		45.75		18.44
791.3252315		45.5		18.44
792.4363426		46		18.5
793.5474537		46.25		18.44
794.6585648		46		18.44
795.8148148		46.25		18.44
796.9259259		45		18.44
798.2685185		46.25		18.44
799.4722222		45.75		18.44
800.5833333		46.25		18.44
801.6944444		46.25		18.44
802.8055556		46.25		18.44
803.9074074		45.75		18.44
805.0185185		46.5		18.37
806.1238426		45.5		18.44
807.2800926		46.25		18.44
808.3912037		46.5		18.44
809.5023148		46.5		18.5
810.6134259		46.75		18.44
811.7152778		46.5		18.44
812.8217593		46.5		18.44
813.9328704		46.5		18.37
815.0439815		46.75		18.44
816.1550926		46.75		18.44
817.2662037		47		18.44
818.3773148		46.75		18.5
819.4884259		46.25		18.44
820.6458333		46.75		18.44
821.7569444		46.75		18.44
822.8668981		46.5		18.44
823.9780093		46.75		18.44
825.0891204		46.75		18.44
826.2002315		46.75		18.44
827.3113426		46.5		18.44
828.4224537		46.25		18.44
829.7650463		47.25		18.44
830.9224537		47		18.44
832.0335648		47.25		18.44
833.1446759		46.75		18.44
834.3425926		47.5		18.44
835.4988426		47.25		18.44
836.6099537		47		18.44
837.7210648		47		18.44
838.8321759		47.25		18.37
839.9189815		47.25		18.44
841.0694444		47.5		18.44
842.1701389		47		18.44
843.2800926		47		18.44
844.3912037		47.25		18.44
845.5023148		47.75		18.44
846.6134259		47.25		18.44
847.724537		47.75		18.5
848.8356481		47.75		18.44
849.9467593		47.75		18.44
851.0578704		47.75		18.44
852.1689815		47.5		18.44
853.318287		47.5		18.44
854.4293981		47.75		18.44
855.5405093		48.25		18.5
856.6979167		47.75		18.5
857.8090278		47.75		18.44
858.9201389		47.5		18.44
860.2164352		48.25		18.44
861.3761574		48		18.37
862.4733796		48		18.44
863.5833333		47.5		18.37
864.6944444		48		18.44
865.8055556		48.25		18.44
866.9166667		48.25		18.44
868.0277778		48		18.44
869.1388889		48		18.44
870.3425926		48.5		18.44
871.4537037		48.5		18.44
872.5648148		48.25		18.44
873.6759259		48.25		18.44
874.8645833		48.75		18.37
876.0243056		48		18.44
877.1354167		48.25		18.44
878.2337963		48.5		18.37
879.3449074		48.5		18.44
880.4560185		48		18.44
881.8449074		48.75		18.37
883.0023148		49		18.44
884.1134259		48.5		18.44
885.59375		49.25		18.44
886.7974537		49		18.44
887.9085648		49		18.44
889.0196759		48.5		18.44
890.2581019		49		18.44
891.369213		49.25		18.44
892.4791667		49.25		18.44
893.630787		49.25		18.37
894.7418981		49.25		18.44
895.8530093		49		18.44
896.9641204		49.25		18.44
898.068287		49.25		18.44
899.1793981		49		18.37
900.4768519		49.5		18.37
901.619213		49.5		18.37
902.8229167		49.75		18.37
903.9340278		49.5		17.75
905.0451389		49.25		18.37
906.3877315		49.75		18.37
907.5347222		49.5		17.94
908.6458333		50		18.44
909.8032407		49.5		17.75
910.9097222		49.5		18.37
912.0462963		49.5		18.37
913.1909722		49.75		18.44
914.3020833		50		17.75
915.4594907		49.5		17.94
916.5694444		50		18.44
917.6805556		50		17.81
918.7916667		50		17.87
919.9027778		50.25		17.87
921.0138889		50.5		17.81
922.125		50		17.87
923.2361111		50.25		17.87
924.3472222		50		17.87
925.4583333		50.25		17.87
926.5694444		50.25		18
927.6793981		50.25		18
928.7905093		50.75		18.12
929.9016204		50.75		18.19
931.0127315		50.5		18.25
932.1168981		50.75		18.31
933.2280093		50.5		18.44
934.3391204		50.5		18.5
935.4502315		50.5		18.69
936.5613426		50.5		18.81
937.6724537		50.5		18.87
938.7835648		50.75		19.06
939.8935185		50.5		19.19
940.9988426		50.75		19.25
942.1099537		51		19.37
943.2210648		51		19.5
944.3321759		50.5		19.62
945.443287		50.25		19.69
946.5543981		50.25		19.81
947.6597222		50.75		19.87
948.7708333		50.5		20
949.9166667		50.25		20.06
951.0219907		50.75		20.12
952.1331019		50.5		20.31
953.2430556		49		20.37
954.3541667		48.5		21
955.4652778		47.5		21.12
956.5763889		46.5		21.19
957.6875		45.5		21.31
958.7986111		44.5		21.37
959.9097222		44.25		21.44
961.0208333		44		21.5
962.1319444		43.75		21.56
963.2430556		43.5		21.62
964.3993056		43		21.62
965.5104167		43.25		21.69
966.6215278		43		21.69
967.7326389		42.75		21.75
968.84375		42.75		21.75
969.9548611		42.25		21.75
971.0636574		42.25		21.81
972.1747685		42.75		21.75
973.2858796		42.75		21.81
974.3969907		43		21.75
975.5081019		42.5		21.81
976.6180556		43		21.81
977.7210648		43		21.75
978.8784722		42.5		21.75
979.9895833		42.5		21.75
981.1006944		43		21.75
982.2106481		43		21.81
983.318287		42.75		21.75
984.4293981		42.75		21.75
985.5358796		43		21.75
986.6493056		43		21.75
987.7604167		43.25		21.75
988.8715278		42.75		21.75
989.9826389		43.25		21.75
991.1053241		43		21.75
992.2164352		42.75		21.69
993.3298611		43		21.69
994.4409722		43.25		21.69
995.5520833		43.25		21.69
996.6631944		43		21.69
997.7743056		43.25		21.69
998.8854167		43.5		21.69
999.9930556		43.25		21.69
1001.142361		43.5		21.69
1002.253472		43.5		21.62
1003.364583		43		21.62
1004.475694		44		21.62
1005.585648		43.5		21.56
1006.689815		44		21.56
1007.800926		43.75		21.56
1008.912037		44		21.56
1010.021991		43.75		21.56
1011.133102		44		21.5
1012.244213		43.25		21.56
1013.355324		44		21.44
1014.512731		44.25		21.5
1015.623843		44		21.5
1016.734954		43.75		21.5
1017.846065		44		21.44
1018.957176		44		21.5
1020.06713		44.5		21.5
1021.174769		44.5		21.44
1022.28588		44		21.44
1023.396991		44.5		21.44
1024.508102		44.25		21.37
1025.619213		44.5		21.44
1026.730324		44.5		21.31
1027.878472		44.25		21.31
1028.989583		45		21.37
1030.100694		44.5		21.31
1031.211806		45		21.31
1032.318287		44.25		21.31
1033.429398		44.75		21.25
1034.540509		45		21.31
1035.65162		45		21.31
1036.762731		45		21.25
1037.873843		45		21.25
1038.984954		45		21.25
1040.096065		44.75		21.25
1041.207176		45.25		21.25
1042.318287		45.5		21.25
1043.428241		45.25		21.19
1044.539352		44.75		21.19
1045.696759		45.5		21.19
1046.80787		45		21.19
1047.918981		45.25		21.19
1049.015046		45		21.12
1050.173611		46		21.19
1051.331019		45		21.12
1052.44213		45.5		21.12
1053.553241		45.75		21.19
1054.664352		45.25		21.06
1055.773148		45.25		21.12
1056.87963		45.5		21.06
1057.993056		46		21.06
1059.104167		45.5		21.06
1060.21412		46		21.06
1061.361111		45.75		21.06
1062.471065		46		21.06
1063.582176		46.25		21
1064.693287		46		21
1065.804398		46		21
1066.915509		46		21
1068.02662		46		21
1069.148148		46.5		21
1070.237269		46.25		20.94
1071.371528		46.5		21
1072.459491		46.75		21
1073.604167		46		20.94
1074.715278		46.5		20.94
1075.826389		47		20.87
1076.9375		46.75		20.94
1078.048611		47		20.87
1079.159722		47		20.94
1080.270833		46.75		20.87
1081.381944		47		20.87
1082.491898		46.75		20.87
1083.603009		46.75		20.87
1084.71412		46.75		20.87
1085.825231		46.5		20.87
1086.936343		47		20.87
1088.09375		47		20.87
1089.204861		47.25		20.87
1090.315972		47		20.87
1091.427083		46.75		20.81
1092.523148		47		20.81
1093.62963		47.25		20.81
1094.740741		47.25		20.75
1095.850694		47.25		20.81
1097.002315		47.25		20.81
1098.113426		47.75		20.75
1099.224537		47.5		20.75
1100.335648		47		20.69
1101.538194		47.75		20.75
1102.695602		47		20.69
1103.945602		47.75		20.69
1105.056713		47.5		20.69
1106.162037		47		20.69
1107.643519		48		20.69
1108.847222		47.75		20.69
1109.958333		47.25		20.75
1111.069444		47		20.69
1112.550926		48		20.69
1113.708333		47.75		20.69
1114.819444		48		20.62
1115.976852		47.75		20.69
1117.068287		47.5		20.62
1118.179398		48		20.62
1119.336806		48.5		20.62
1120.493056		48.25		20.56
1121.59838		48.5		20.62
1122.709491		48		20.62
1123.866898		48.5		20.62
1125.024306		48		20.62
1126.181713		48.5		20.56
1127.27662		48.75		20.62
1128.387731		47.75		20.62
1129.53588		48		20.56
1131.202546		49		20.56
1132.439815		48.5		20.5
1133.550926		48.75		20.5
1134.847222		49.25		20.5
1135.958333		48.75		20.5
1137.25463		49.25		20.56
1138.364583		49		20.5
1139.519676		48.75		20.56
1140.62963		49		20.56
1141.740741		49		20.5
1142.851852		49.25		20.5
1143.962963		49		20.5
1145.074074		49.25		20.5
1146.231481		49.5		20.5
1147.368056		49.75		20.44
1148.53588		49.5		19.87
1149.693287		49.75		20.5
1150.803241		49.5		19.81
1151.914352		49.25		20.44
1153.028935		49.25		20.44
1154.131944		50.25		20.44
1155.469907		49.75		19.87
1156.581019		50		19.94
1157.69213		50		20
1158.803241		49.75		20.12
1159.913194		50.25		20.12
1161.024306		50.25		20.25
1162.135417		50		20.37
1163.28125		50.25		20.5
1164.366898		50.25		20.62
1165.478009		50.75		20.69
1166.58912		50.25		20.87
1167.699074		50.5		21
1168.810185		50.5		21.25
1169.921296		50.5		21.44
1171.032407		50.75		21.69
1172.143519		50.5		21.94
1173.25463		50.5		22.19
1174.365741		50.75		22.5
1175.476852		51.25		22.69
1176.587963		51		22.94
1177.699074		51.25		23.06
1178.809028		50.75		23.31
1179.920139		51		23.56
1181.03125		50		23.75
1182.142361		50		24
1183.253472		48.75		24.19
1184.383102		48.75		24.94
1185.494213		48.25		25.19
1186.605324		48		25.44
1187.716435		47.25		25.69
1188.827546		47		25.87
1189.93287		47		26.06
1191.043981		46.75		26.19
1192.201389		46.5		26.37
1193.3125		46.75		26.5
1194.423611		47		26.62
1195.534722		46.75		26.75
1196.645833		46		26.81
1197.755787		45.75		26.87
1198.861111		46.25		27
1199.972222		46.25		27.06
1201.074074		45.75		27.12
1202.185185		46.25		27.19
1203.342593		45.75		27.25
1204.453704		45.5		27.25
1205.564815		46		27.31
1206.675926		45.5		27.37
1207.787037		45.75		27.37
1208.898148		46		27.44
1210		46.25		27.44
1211.111111		46.25		27.5
1212.222222		46.25		27.5
1213.333333		45.25		27.5
1214.444444		46		27.5
1215.556713		46.25		27.5
1216.667824		45.75		27.5
1217.78125		45.75		27.5
1218.892361		45.75		27.5
1220.049769		46		27.5
1221.16088		46		27.5
1222.271991		46		27.5
1223.381944		45.5		27.5
1224.493056		46		27.44
1225.604167		46		27.5
1226.715278		46		27.44
1227.826389		46		27.44
1228.9375		46		27.44
1230.048611		45.75		27.37
1231.159722		46.25		27.37
1232.270833		46		27.37
1233.381944		46.25		27.31
1234.482639		46.25		27.31
1235.640046		46		27.31
1236.746528		46.25		27.25
1237.846065		45.75		27.25
1238.957176		46.25		27.19
1240.068287		46		27.19
1241.179398		46.25		27.19
1242.289352		46.25		27.12
1243.400463		46.25		27.12
1244.511574		46.25		27.12
1245.668981		46.5		27.06
1246.733796		46.25		27.06
1247.887731		46.5		27.06
1248.991898		47		27
1250.092593		46.75		27
1251.203704		46.75		27
1252.314815		46.75		26.94
1253.425926		47		26.94
1254.537037		47		26.87
1255.648148		47		26.87
1256.804398		46.75		26.81
1257.915509		47		26.81
1259.02662		47		26.81
1260.137731		47		26.75
1261.248843		47.25		26.75
1262.359954		47.25		26.75
1263.471065		47.75		26.69
1264.582176		47.5		26.69
1265.684028		47.25		26.62
1266.795139		47.5		26.62
1267.90625		47.5		26.56
1269.017361		48		26.56
1270.174769		47.5		26.5
1271.271991		47.75		26.5
1272.375		47.75		26.5
1273.481481		47.75		26.5
1274.592593		47.5		26.44
1275.703704		47.75		26.44
1276.861111		47.75		26.37
1277.972222		47.75		26.37
1279.083333		47.75		26.31
1280.178241		48		26.31
1281.283565		48		26.25
1282.394676		48.25		26.25
1283.543981		47.75		26.25
1284.655093		48		26.19
1285.765046		48		26.19
1286.922454		48.5		26.12
1288.033565		48.25		26.06
1289.172454		48.25		26.12
1290.287037		48.25		26.06
1291.398148		48.5		26.06
1292.50463		48.25		26.06
1293.615741		48.5		26
1294.726852		48.5		26
1295.837963		48.25		26
1296.947917		48.5		25.94
1298.059028		48.75		25.94
1299.170139		48.5		25.87
1300.420139		49		25.81
1301.577546		49		25.81
1302.688657		49		25.81
1303.799769		49		25.81
1304.91088		49		25.75
1306.021991		48.5		25.81
1307.119213		48.75		25.75
1308.403935		49.25		25.69
1309.515046		49.25		25.69
1310.626157		49		25.62
1311.737269		49.25		25.62
1312.894676		49		25.62
1314.188657		49.5		25.56
1315.341435		49.25		25.56
1316.456019		49.5		25.56
1317.613426		49.75		25.5
1318.733796		49.5		24.87
1319.929398		49.75		25.5
1321.040509		49.75		24.87
1322.15162		49.75		24.94
1323.262731		49.5		24.94
1324.373843		50		25.5
1325.484954		50		25
1326.596065		49.75		25.19
1327.706019		50.25		25.25
1328.909722		49.75		25.37
1330.020833		50.25		25.5
1331.131944		50.25		25.62
1332.243056		50.5		25.75
1333.354167		50.25		25.87
1334.465278		50.5		26.06
1335.576389		50.25		26.25
1336.6875		50.25		26.44
1337.798611		49.75		26.75
1338.908565		49.5		27
1340.019676		49.5		27.81
1341.162037		49.5		28
1342.262731		50		28.25
1343.373843		50		27.75
1344.475694		50.25		28.12
1345.586806		50.25		28.31
1346.697917		50		28.56
1347.802083		49.75		28.75
1348.913194		49.5		28.94
1350.024306		49.25		29.69
1351.145833		48.25		29.94
1352.256944		48.5		30.12
1353.368056		48.5		30.25
1354.616898		49		30.44
1355.728009		49		30.62
1356.83912		48.5		30.75
1357.996528		48.75		30.87
1359.107639		49		31
1360.21875		48.75		31.12
1361.329861		48.5		31.19
1362.440972		48.75		31.25
1363.548611		48.25		31.31
1364.66088		48.25		31.37
1365.864583		48.75		31.44
1366.975694		48.25		31.5
1368.086806		47.75		31.5
1369.244213		48.25		31.56
1370.355324		48		31.56
1371.466435		47.75		31.62
1372.577546		48		31.62
1373.688657		48		31.62
1374.798611		48		31.62
1375.909722		48.25		31.62
1377.053241		47.75		31.62
1378.201389		48.25		31.62
1379.3125		47.75		31.62
1380.415509		48		31.62
1381.52662		47.75		31.62
1382.637731		47.75		31.56
1383.980324		48.5		31.56
1385.137731		48		31.56
1386.248843		48		31.5
1387.358796		48		31.5
1388.516204		48.25		31.5
1389.627315		48.25		31.5
1390.738426		48.5		31.5
1391.846065		48.5		31.44
1392.957176		48.25		31.44
1394.068287		48.25		31.37
1395.179398		48.25		31.37
1396.383102		48.75		31.37
1397.494213		48.75		31.31
1398.605324		48.75		31.31
1399.716435		49		31.25
1400.827546		49		31.25
1401.9375		49		31.25
1403.048611		49		31.19
1404.206019		49.25		31.12
1405.31713		49		31.12
1406.428241		48.75		31.06
1407.52662		49		31.06
1408.637731		49		31
1409.748843		49.25		31
1410.859954		49.25		31
1411.971065		48.75		30.94
1413.497685		49.5		30.87
1414.6875		49.5		30.81
1415.834491		49.5		30.75
1416.94213		49.5		30.81
1418.053241		49		30.75
1419.349537		49.5		30.75
1420.506944		49.25		30.69
1421.618056		50		30.56
1422.729167		50		29.94
1423.840278		49.75		30.06
1424.9375		49.5		30.06
1426.048611		50.25		30.69
1427.159722		50.5		30.19
1428.270833		50.25		30.37
1429.381944		50.25		30.5
1430.493056		50		30.56
1431.604167		50.75		30.69
1432.715278		50.25		30.75
1433.826389		50.25		30.87
1434.936343		50.5		30.94
1436.043981		50.75		31.06
1437.155093		50.75		31.25
1438.266204		50.75		31.37
1439.377315		50.5		31.5
1440.488426		50.5		31.69
1441.599537		51		31.94
1442.752315		50.75		32.13
1443.81713		50.75		32.25
1444.974537		50.25		32.44
1446.085648		49.75		32.63
1447.195602		49.5		32.81
1448.306713		50		33.56
1449.46412		49.25		33.13
1450.601852		50.25		33.88
1451.707176		50		33.38
1452.818287		49.75		33.63
1453.929398		49.5		33.75
1455.027778		50		34.44
1456.21875		49.75		33.94
1457.329861		49.25		34.19
1458.533565		49.5		34.81
1459.644676		49.25		34.94
1460.802083		49.5		35.06
1461.947917		48.75		35.13
1463.059028		48.75		35.25
1464.170139		48.75		35.38
1465.28125		48.25		35.44
1466.392361		48		35.5
1467.734954		48.75		35.56
1468.917824		48		35.63
1470.019676		48.25		35.63
1471.175926		48.25		35.69
1472.287037		48.5		35.69
1473.398148		48.5		35.69
1474.509259		48.5		35.69
1475.62037		48.25		35.69
1476.824074		48.75		35.75
1477.935185		48.5		35.75
1479.046296		48.75		35.75
1480.157407		48		35.69
1481.545139		48.75		35.69
1482.702546		48.5		35.69
1483.813657		48.5		35.63
1484.960648		48.5		35.63
1486.059028		48.25		35.63
1487.170139		48.25		35.56
1488.311343		48.5		35.56
1489.422454		48.25		35.5
1490.532407		48.25		35.5
1491.643519		48		35.44
1492.75463		48		35.44
1493.865741		48.25		35.38
1494.976852		48.25		35.38
1496.087963		48.25		35.31
1497.199074		48		35.25
1498.388889		48.5		35.25
1499.5		48.5		35.19
1500.611111		48.5		35.13
1501.722222		48.5		35.06
1502.833333		48.25		35.06
1503.943287		48.5		35
1505.054398		48.5		34.94
1506.165509		48.75		34.94
1507.27662		48.25		34.88
1509.03588		49.25		34.81
1510.332176		49		34.75
1511.443287		49		34.75
1512.539352		48.75		34.69
1513.650463		48.75		34.63
1514.761574		48.5		34.56
1515.872685		48.75		34.5
1516.983796		49		34.44
1518.094907		49		34.38
1519.204861		49.25		34.38
1520.315972		49.25		34.31
1521.430556		49.25		34.31
1522.586806		49.5		34.25
1523.69213		49		34.19
1525.034722		49.5		34.19
1526.19213		48.75		34.06
1528.090278		49.75		34.06
1529.378472		49.5		33.31
1530.488426		49.25		33.94
1531.644676		49.25		33.88
1532.940972		49.75		33.88
1534.09838		49.75		33.31
1535.209491		49.5		33.38
1536.320602		49.5		33.88
1537.46412		50		34
1538.575231		50		33.5
1539.686343		49.5		33.63
1540.797454		50		34.19
1541.908565		50.25		33.69
1543.019676		50.5		33.81
1544.130787		50.75		33.81
1545.240741		50.5		33.94
1546.351852		50		34
1547.462963		50.5		34.06
1548.574074		50.25		34.19
1549.685185		50.75		34.31
1550.796296		50.5		34.44
1551.907407		50.75		34.56
1553.011574		50.25		34.75
1554.122685		50.25		34.88
1555.233796		49.75		35.06
1556.344907		50.75		35.19
1557.453704		50		35.31
1558.55787		50.25		35.5
1559.658565		50.5		35.69
1560.815972		50.25		35.81
1561.927083		50		35.94
1562.991898		50.25		36.13
1564.149306		50		36.25
1565.260417		50.5		36.38
1566.371528		50		36.5
1567.482639		50.25		36.63
1568.592593		50.25		36.75
1569.703704		50		36.88
1570.814815		49.75		37
1571.925926		49.5		37.13
1573.037037		49		37.81
1574.148148		49.25		37.88
1575.351852		49.5		38
1576.462963		49.25		38.13
1577.574074		49		38.19
1578.685185		49		38.25
1579.795139		48.5		38.31
1580.90625		48.5		38.38
1582.017361		48.5		38.44
1583.128472		47.75		38.44
1584.471065		48.5		38.5
1585.628472		48.5		38.5
1586.78588		48.25		38.5
1587.896991		48.5		38.5
1589.003472		48.5		38.5
1590.113426		48.5		38.5
1591.224537		47.75		38.5
1592.844907		48.75		38.5
1594.083333		48.5		38.5
1595.185185		48.5		38.44
1596.296296		48		38.44
1597.407407		48.25		38.38
1598.509259		48.5		38.38
1599.666667		48.5		38.38
1600.777778		48.5		38.31
1601.888889		48.75		38.25
1602.99537		48.5		38.19
1604.106481		48.5		38.13
1605.217593		48.25		38.06
1606.328704		48.5		38
1607.439815		48.75		38
1608.549769		48		37.94
1609.930556		48.75		37.88
1611.087963		48.5		37.81
1612.199074		48.25		37.75
1613.310185		48.5		37.69
1614.420139		48.75		37.63
1615.577546		48.75		37.56
1616.688657		48.75		37.56
1617.799769		48.5		37.5
1618.91088		48.75		37.38
1620.021991		48.25		37.38
1621.128472		48.25		37.31
1622.332176		48.75		37.25
1623.443287		48.75		37.19
1624.554398		49		37.13
1625.711806		48.25		37.13
1626.869213		48.75		37.06
1628.025463		48.75		37
1629.130787		49		36.94
1630.241898		48.5		36.88
1631.341435		48.75		36.81
1632.591435		49.25		36.75
1633.748843		49		36.75
1634.859954		49.25		36.63
1636.202546		49.75		36.63
1637.359954		49		36
1638.466435		49.25		36.5
1639.805556		49.75		36.44
1640.962963		49.75		35.69
1642.074074		49.5		35.88
1643.185185		49.5		36.38
1644.296296		50		36.44
1645.5		49.75		35.88
1646.611111		49.75		36
1647.722222		49.75		36.06
1648.832176		50		36.19
1649.939815		50		36.25
1651.050926		50		36.31
1652.162037		49.75		36.31
1653.273148		50		36.38
1654.384259		50.25		36.44
1655.49537		50.25		36.5
1656.606481		50.25		36.56
1657.717593		50.25		36.63
1658.828704		51		36.75
1659.938657		50.5		36.94
1661.049769		50.5		37
1662.16088		50.75		37.13
1663.271991		51		37.25
1664.376157		50.5		37.31
1665.47338		49.75		37.44
1666.584491		50		37.56
1667.736111		49.5		37.69
1668.847222		50		38.31
1670.050926		49.75		37.81
1671.16088		50		38
1672.271991		49.5		38.13
1673.383102		50		38.75
1674.586806		49.5		38.31
1675.744213		49.75		38.88
1676.90162		49.75		38.38
1678.012731		49.75		38.56
1679.123843		49.75		38.63
1680.229167		49.5		38.69
1681.340278		49.5		39.31
1682.451389		49.5		39.38
1683.5625		49.25		39.5
1684.673611		49.25		39.56
1685.784722		49.25		39.63
1686.895833		49.25		39.69
1688.041667		49.25		39.75
1689.152778		49		39.75
1690.263889		49		39.75
1691.375		49		39.81
1692.486111		48.75		39.81
1693.591435		49		39.81
1694.702546		49		39.81
1695.813657		48.75		39.75
1696.924769		48.75		39.75
1698.174769		49.25		39.75
1699.332176		49		39.75
1700.44213		49.25		39.69
1701.594907		48.5		39.69
1702.701389		48.75		39.63
1703.814815		49		39.63
1704.925926		49.25		39.56
1706.037037		49.25		39.56
1707.148148		49.25		39.5
1708.282407		48.75		39.44
1709.393519		49		39.38
1710.50463		49		39.31
1711.615741		48.75		39.25
1712.726852		48.5		39.25
1713.96875		49		39.19
1715.079861		49		39.13
1716.190972		49		39.06
1717.302083		49		39
1718.413194		49		38.94
1719.524306		49		38.88
1720.635417		49		38.81
1721.792824		49.25		38.75
1722.902778		49.25		38.69
1724.013889		48.5		38.63
1725.449074		49.25		38.56
1726.652778		48.75		38.5
1728.180556		49.5		38.44
1729.384259		49.25		38.38
1730.489583		49.25		38.31
1731.646991		49.5		38.25
1732.758102		49.5		38.25
1733.869213		49.5		38.19
1735.02662		49.75		38.13
1736.137731		49.75		37.44
1737.282407		49.75		37.5
1738.385417		49.75		37.44
1739.494213		50		37.44
1740.605324		50		37.5
1741.716435		49.5		37.56
1742.827546		50		38.13
1743.938657		50.5		37.63
1745.049769		50.25		37.81
1746.148148		50		37.81
1747.259259		50.25		37.94
1748.369213		50.25		38
1749.482639		50.25		38
1750.59375		50.5		38.06
1751.715278		50.5		38.19
1752.814815		50.5		38.25
1753.925926		50.5		38.38
1755.037037		50.5		38.5
1756.148148		50.75		38.63
1757.259259		51.25		38.69
1758.37037		51.25		38.75
1759.481481		50.75		38.81
1760.592593		50.75		38.94
1761.702546		50.75		39
1762.84838		50.5		39.06
1763.959491		50		39.19
1765.070602		50.25		39.31
1766.181713		50.25		39.38
1767.292824		50.25		39.5
1768.403935		50.25		39.63
1769.513889		50		39.69
1770.625		50		39.81
1771.736111		50		39.88
1772.826389		49.5		40
1774.05787		49.75		40.56
1775.234954		49.25		40.13
1776.341435		49		40.75
1777.476852		49.25		40.81
1778.590278		49		40.88
1779.746528		49.25		40.94
1780.857639		48.75		41
1781.96875		48.75		41.06
1783.079861		48.75		41.06
1784.190972		48.5		41.06
1785.34838		48.5		41.06
1786.553241		49		41.06
1787.710648		48.75		41.06
1788.821759		48.25		41.06
1790.210648		49		41
1791.413194		48.5		41
1792.616898		49		40.94
1793.774306		48.75		40.94
1794.87963		48.75		40.88
1795.990741		49		40.81
1797.101852		48.75		40.81
1798.351852		49.25		40.75
1799.509259		49		40.69
1800.62037		49		40.63
1801.731481		48.75		40.56
1802.842593		48.75		40.56
1804.092593		49.25		40.44
1805.248843		48.75		40.38
1806.768519		49.5		40.31
1807.972222		49.25		40.25
1809.12963		49.5		40.19
1810.230324		49		40.13
1811.52662		49.5		40.06
1812.684028		48.75		40
1813.934028		49.25		39.94
1815.091435		49.5		39.88
1816.283565		49.75		39.81
1817.394676		49.5		39.06
1818.552083		49.75		39.69
1819.709491		49.5		38.94
1820.866898		49.75		39.56
1821.976852		49.25		38.94
1823.087963		49.25		39.56
1824.430556		49.75		39.63
1825.587963		49.75		39.13
1826.699074		49.5		39.13
1827.856481		49.75		39.69
1829.013889		49.75		39.06
1830.125		50		39.25
1831.236111		49.75		39.31
1832.347222		49.5		39.31
1833.505787		49.75		39.88
1834.616898		50.25		39.31
1835.726852		50.25		39.44
1836.858796		50.25		39.5
1837.954861		50		39.5
1839.052083		50.25		39.56
1840.163194		50.75		39.63
1841.274306		51.25		39.75
1842.385417		50.75		39.81
1843.533565		50.75		39.88
1844.611111		51.25		39.94
1845.722222		50.75		40.06
1846.872685		50.25		40.13
1847.983796		50.25		40.19
1849.094907		49.75		40.31
1850.206019		50		40.38
1851.31713		50		40.5
1852.428241		49		40.56
1854.047454		49.75		41.13
1855.251157		49.75		40.75
1856.408565		49.75		40.81
1857.519676		50		40.88
1858.630787		50		40.94
1859.741898		50		41
1860.853009		50		41.06
1861.96412		50		41.13
1863.075231		49.75		41.19
1864.185185		50		41.25
1865.296296		50.25		41.31
1866.398148		50.25		41.38
1867.508102		50.25		41.5
1868.619213		49.75		41.56
1869.717593		49.75		41.63
1870.828704		49.5		41.69
1872.032407		49.75		42.31
1873.188657		49.75		41.81
1874.299769		49.75		41.88
1875.41088		49.25		41.94
1876.521991		49.25		42.5
1877.679398		49.5		42.56
1878.790509		49.25		42.63
1879.90162		49.5		42.69
1881.054398		49.5		42.75
1882.167824		48.75		42.75
1883.278935		48.5		42.81
1885.084491		49.5		42.81
1886.380787		49		42.75
1887.491898		49		42.75
1888.603009		49		42.75
1889.71412		48.5		42.69
1890.96412		49		42.69
1892.112269		49.25		42.69
1893.22338		49		42.63
1894.334491		48.75		42.63
1895.815972		49.5		42.56
1897.019676		49		42.56
1898.177083		49		42.5
1899.466435		49.5		42.44
1900.577546		49.5		42.38
1901.734954		49		42.31
1902.84838		48.75		42.31
1904.09838		49.25		42.25
1905.25463		49.5		42.19
1906.365741		49.25		42.13
1907.476852		49		42.06
1908.773148		49.5		42
1909.930556		48.75		41.94
1911.226852		49.25		41.88
1912.384259		49.5		41.81
1913.541667		49.75		41.75
1914.699074		49.25		41
1915.810185		49		41.63
1916.90625		49.25		41.56
1918.003472		49		41.56
1919.114583		49.25		41.5
1920.457176		49.75		41.5
1921.614583		49		40.88
1922.725694		49.25		41.38
1923.883102		49.5		41.38
1925.039352		49.75		41.38
1926.196759		49.5		40.69
1927.354167		49.75		41.31
1928.465278		49.5		40.75
1929.571759		49.5		41.25
1930.68287		49.5		41.25
1931.793981		50		41.25
1932.905093		50		40.69
1934.016204		50		40.75
1935.127315		50.5		40.75
1936.238426		50		40.75
1937.394676		49.75		40.75
1938.459491		50.5		40.75
1939.616898		50.5		40.75
1940.71875		50.25		40.81
1941.829861		50.75		40.88
1942.939815		50.5		40.94
1944.050926		50.25		41
1945.162037		50		41.06
1946.266204		50.75		41.19
1947.362269		50.75		41.25
1948.47338		50.25		41.31
1949.584491		50		41.44
1950.695602		50.5		41.5
1951.806713		50.75		41.63
1952.951389		50.5		41.69
1954.052083		50.5		41.81
1955.163194		50		41.81
1956.274306		50.5		41.88
1957.385417		50		42
1958.496528		49.75		42.06
1959.599537		50		42.13
1960.709491		50.25		42.25
1961.820602		50.5		42.25
1962.931713		50.25		42.38
1964.042824		50.5		42.38
1965.153935		50		42.44
1966.265046		50.5		42.56
1967.376157		50.5		42.63
1968.487269		50		42.69
1969.592593		49.75		42.69
1970.703704		50		42.81
1971.861111		49.25		42.88
1973.059028		49.5		43.44
1974.170139		49.5		43.5
1975.28125		49.25		43.5
1976.665509		49.75		43.56
1977.871528		49.25		42.94
1978.990741		49.25		43.63
1980.101852		49.25		43.63
1981.259259		49.5		43.69
1982.37037		49.25		43.69
1983.481481		49		43.63
1984.592593		49.25		43.63
1985.703704		49		43.63
1986.998843		49.5		43.63
1988.201389		49.75		43.63
1989.354167		49.5		42.94
1990.445602		49.5		43.56
1991.556713		49.25		43.56
1992.667824		49.25		43.5
1993.825231		49.5		43.5
1994.983796		49.75		43.5
1996.128472		49.5		42.88
1997.238426		49.5		43.44
1998.395833		49.75		43.44
1999.553241		49.75		42.81
2000.65162		49.75		42.88
2001.760417		49.5		42.88
2002.917824		49.75		43.38
2004.028935		49.25		42.81
2005.140046		49		43.38
2006.71412		49.75		43.38
2007.917824		49.75		42.88
2009.028935		49.5		42.88
2010.140046		49.5		43.31
2011.297454		49.5		43.38
2012.408565		49.25		43.38
2013.716435		49.75		43.31
2014.826389		50		42.69
2015.983796		49.75		42.81
2017.094907		49.75		42.81
2018.204861		50		42.81
2019.315972		50		42.81
2020.407407		49.75		42.81
2021.518519		49.25		42.88
2022.859954		49.75		43.38
2024.009259		49.75		42.81
2025.12037		49.25		42.94
2026.270833		49.5		43.5
2027.381944		49.5		43.5
2028.493056		49.25		43.56
2029.650463		49.5		43.56
2030.831019		49.75		43.56
2031.936343		48.75		43.06
2033.834491		49.75		43.56
2035.177083		49.5		43
2036.334491		49.75		43.56
2037.445602		50		43.06
2038.556713		50		43.06
2039.667824		50		43.06
2040.778935		50.25		43.06
2041.888889		49.5		43.06
2043.037037		50		43.63
2044.146991		50		43.06
2045.258102		50		43.19
2046.369213		50.5		43.19
2047.484954		50.5		43.25
2048.594907		49.75		43.25
2049.706019		50.5		43.31
2050.81713		50.25		43.31
2051.928241		50.5		43.31
2053.085648		49.5		43.38
2054.150463		50.25		43.94
2055.30787		50.25		43.44
2056.418981		49.5		43.5
2057.530093		50.25		44
2058.641204		50		43.44
2059.737269		50		43.56
2060.84838		49.75		43.56
2061.952546		49.75		43.63
2063.063657		50		43.63
2064.221065		49.75		43.69
2065.332176		49.25		43.69
2066.439815		49.5		44.25
2067.643519		49.75		44.25
2068.75463		49.5		43.75
2069.865741		49		44.31
2070.975694		49		44.38
2072.271991		49.5		44.38
2073.429398		49.5		44.38
2074.540509		49.5		44.44
2075.65162		49.25		44.44
2076.762731		49.25		44.38
2077.873843		49.25		44.38
2079.216435		49.75		44.38
2080.364583		49.75		43.81
2081.475694		49.5		43.81
2082.633102		49.5		44.31
2083.790509		49.75		44.31
2084.90162		49.25		43.75
2086.244213		49.75		44.25
2087.40162		49.75		43.63
2088.512731		49		43.75
2089.623843		49.25		44.25
2090.733796		49.25		44.25
2091.891204		49.5		44.25
2092.996528		49.5		44.19
2094.107639		49.5		44.19
2095.21875		49.5		44.19
2096.326389		49.25		44.13
2097.471065		49.25		44.13
2098.767361		49.75		44.06
2099.924769		49.25		43.38
2101.267361		49.75		44
2102.424769		49.5		43.38
2103.628472		49.75		43.94
2104.738426		49.75		43.25
2105.849537		49.5		43.38
2107.006944		49.75		43.88
2108.164352		49.75		43.38
2109.275463		49.75		43.31
2110.386574		49.75		43.31
2111.497685		49.25		43.31
2112.818287		49.75		43.81
2113.927083		50		43.25
2115.037037		49.75		43.31
2116.148148		49.75		43.25
2117.292824		49.75		43.31
2118.403935		50		43.31
2119.508102		49.25		43.38
2120.850694		49.75		43.94
2122.008102		49.75		43.38
2123.119213		50.25		43.44
2124.322917		49.75		43.44
2125.434028		50		43.44
2126.545139		49.5		43.5
2127.65625		49.5		44.06
2128.766204		50		44.06
2129.877315		50		43.5
2130.988426		50		43.63
2132.094907		49.75		43.63
2133.237269		50		43.63
2134.34838		49.75		43.69
2135.459491		49.75		43.69
2136.569444		49.75		43.75
2137.680556		49.5		43.81
2138.884259		49.75		44.31
2139.99537		49.25		43.75
2141.337963		49.75		44.38
2142.484954		49.5		43.88
2143.596065		49.5		44.44
2144.702546		49.5		44.44
2145.813657		49.5		44.44
2146.924769		49.5		44.44
2148.082176		49.75		44.44
2149.239583		49.25		43.81
2150.350694		49.25		44.38
2151.461806		49.25		44.44
2152.572917		49		44.38
2153.868056		49.5		44.38
2155.025463		49		44.38
2156.321759		49.5		44.38
2157.479167		49.5		44.38
2158.590278		49		44.31
2159.886574		49.5		44.31
2161.090278		49.75		44.25
2162.194444		49.25		43.63
2163.537037		49.75		44.19
2164.694444		49.25		43.5
2165.799769		49		44.13
2167.096065		49.5		44.13
