0		19		18.19
1.662037037		19		18.12
2.774305556		18.75		18.12
3.886574074		18.75		18.19
4.996527778		19		18.19
6.107638889		18.5		18.19
7.208333333		18.5		18.19
8.319444444		18.5		18.12
9.43287037		19		18.19
10.58101852		19		18.19
11.65393519		19.25		18.19
12.76851852		18.75		18.12
13.88310185		19		18.19
15		19.25		18.19
16.11805556		19.25		18.19
17.22800926		19		18.19
18.34027778		19		18.19
19.44675926		19		18.19
20.56365741		18.75		18.19
21.67592593		19.25		18.19
22.81712963		19.25		18.19
23.93402778		19.25		18.19
25.05092593		18.75		18.19
26.125		19.5		18.19
27.24305556		19.5		18.19
28.35648148		19.5		18.19
29.46875		19		18.19
30.58449074		19		18.19
31.69675926		19.75		18.25
32.81134259		19.75		18.25
33.92708333		19.25		18.19
35.04398148		20.25		18.19
36.15856481		19.75		18.25
37.27546296		20.5		18.25
38.3900463		20		18.25
39.50115741		20.5		18.25
40.61921296		20.25		18.25
41.73148148		20.5		18.25
42.84837963		20.5		18.19
43.95833333		20		18.25
45.07523148		20.75		18.25
46.18865741		20.75		18.19
47.30671296		21		18.19
48.4224537		20.5		18.25
49.54282407		20.5		18.25
50.65972222		20.75		18.25
51.77893519		21		18.25
52.85763889		20.75		18.25
54.00925926		21.5		18.19
55.12384259		21.25		18.19
56.2037037		21		18.25
57.31712963		21		18.19
58.43402778		20.75		18.19
59.55439815		21.75		18.19
60.67013889		21.25		18.25
61.78587963		21.75		18.19
62.90277778		21.5		18.19
64.01388889		22.25		18.25
65.12615741		21.75		18.25
66.23842593		22		18.25
67.3599537		21.75		18.25
68.47800926		22		18.25
69.59143519		22.25		18.25
70.70138889		22.25		18.25
71.81365741		22.25		18.25
72.93518519		22.25		18.25
74.04398148		22		18.25
75.15740741		22.5		18.25
76.27199074		22.25		18.25
77.38657407		22.25		18.19
78.50578704		22.75		18.25
79.62037037		23		18.25
80.7349537		23		18.25
81.84722222		22.5		18.25
82.95949074		23		18.25
84.05092593		23		18.25
85.16435185		23		18.25
86.27546296		22.75		18.25
87.38657407		23.25		18.25
88.50115741		23.25		18.19
89.61689815		23.25		18.25
90.73032407		23.5		18.25
91.84953704		23		18.25
92.96990741		23.5		18.25
94.08333333		23		18.19
95.19560185		23.5		18.25
96.31597222		23.5		18.25
97.43171296		23.5		18.19
98.54398148		23.5		18.25
99.65393519		23.75		18.25
100.7662037		23.5		18.25
101.8842593		23.5		18.19
103.005787		23.5		18.25
104.1226852		23.25		18.25
105.2361111		24		18.25
106.349537		23.75		18.25
107.4571759		23.5		18.25
108.5775463		24		18.25
109.6921296		24		18.25
110.7708333		24		18.25
111.8888889		24		18.25
113.005787		24		18.25
114.119213		24		18.25
115.2326389		24.25		18.25
116.3460648		24.5		18.25
117.4560185		24.25		18.25
118.5706019		24.25		18.25
119.6840278		24.5		18.25
120.7997685		24.5		18.25
121.9166667		24.25		18.31
123.0277778		24.5		18.25
124.1736111		24.5		18.25
125.2638889		24.75		18.25
126.3773148		24.75		18.25
127.4907407		25		18.25
128.5972222		24.5		18.25
129.7164352		24.75		18.25
130.8391204		24.5		18.25
131.9606481		25		18.31
133.0833333		24.75		18.25
134.1921296		24.75		18.25
135.3078704		25		18.25
136.4305556		25.25		18.25
137.5138889		25.5		18.25
138.6319444		25		18.25
139.7604167		25.5		18.25
140.8854167		25.25		18.31
141.9722222		25.5		18.25
143.0868056		25.5		18.25
144.2013889		25.5		18.25
145.3240741		25.5		18.25
146.4155093		24.75		18.25
147.53125		25.75		18.25
148.6550926		25.75		18.25
149.7858796		25.75		18.25
150.9074074		25.5		18.31
151.9872685		25.5		18.25
153.1018519		25.75		18.25
154.2175926		25.75		18.25
155.3287037		26		18.25
156.4444444		25.75		18.25
157.5578704		26.25		18.25
158.7048611		26.25		18.25
159.78125		26		18.25
160.9293981		26		18.25
162.0405093		25.75		18.25
163.1516204		25.75		18.25
164.2731481		26.5		18.25
165.3483796		25.75		18.25
166.4618056		26.5		18.25
167.5810185		26.25		18.25
168.6898148		26.25		18.31
169.8043981		26.25		18.25
170.9560185		26.25		18.25
172.0694444		26.25		18.25
173.1458333		26		18.25
174.2627315		26.25		18.25
175.3773148		26.5		18.25
176.4976852		26		18.25
177.6145833		26.25		18.25
178.7314815		26.5		18.31
179.8506944		26.75		18.25
180.9699074		27		18.25
182.087963		27		18.25
183.2025463		26.25		18.25
184.3171296		27		18.25
185.3935185		26.75		18.31
186.5092593		26.75		18.31
187.6215278		27		18.25
188.7407407		27.5		18.25
189.8587963		27.25		18.25
190.9710648		26.75		18.25
192.0902778		27.25		18.25
193.2141204		27.25		18.25
194.3449074		27		18.25
195.4212963		27		18.25
196.537037		27.25		18.31
197.6539352		27.25		18.25
198.7650463		27.25		18.31
199.8819444		26.5		18.25
201.0034722		27.5		18.25
202.119213		27		18.25
203.2326389		27		18.25
204.3518519		27.5		18.25
205.4675926		27.5		18.25
206.5821759		28		18.25
207.6944444		27.75		18.25
208.8136574		27.5		18.25
209.9270833		27.75		18.25
211.0358796		27.75		18.25
212.1377315		27.25		18.25
213.2465278		27.5		18.25
214.3599537		27.5		18.25
215.4733796		28		18.31
216.5902778		27.75		18.25
217.7303241		27.75		18.25
218.837963		28.25		18.25
219.9548611		27.75		18.25
221.0740741		27.75		18.25
222.1851852		28		18.25
223.2997685		28		18.19
224.412037		28.25		18.25
225.53125		28.25		18.25
226.6481481		28.25		18.25
227.7268519		28.5		18.25
228.8472222		28.25		18.25
229.9675926		28.25		18.25
231.087963		28.5		18.31
232.2083333		28.5		18.25
233.3229167		28		18.25
234.4340278		27.25		18.25
235.5486111		28.75		18.25
236.65625		28.25		18.25
237.7673611		28.5		18.31
238.8796296		28.25		18.25
239.9953704		28.75		18.31
241.1122685		28.5		18.25
242.2233796		28		18.25
243.3321759		28.5		18.25
244.4525463		28.5		18.25
245.568287		28.75		18.25
246.6875		27.75		18.25
247.8055556		29		18.25
248.8831019		29		18.31
249.9988426		29		18.25
251.119213		28.5		18.25
252.2326389		29		18.25
253.3483796		28.5		18.31
254.4594907		28.75		18.25
255.5775463		29		18.31
256.7037037		29		18.25
257.8159722		29		18.31
258.9282407		28.75		18.25
260.037037		29.25		18.31
261.150463		29.25		18.25
262.2673611		29.25		18.31
263.3842593		29		18.25
264.505787		28.75		18.25
265.6168981		29.25		18.25
266.7303241		29.25		18.25
267.84375		28.5		18.25
268.9571759		29.5		18.25
270.0729167		29		18.31
271.1851852		29		18.31
272.2997685		29.25		18.25
273.4178241		29.5		18.25
274.537037		29.5		18.25
275.6145833		29.25		18.25
276.7650463		29.5		18.31
277.8761574		29.75		18.25
278.9837963		29.75		18.31
280.099537		29.5		18.25
281.2152778		29.75		18.25
282.3310185		29.75		18.25
283.4108796		30		18.25
284.5613426		29.75		18.25
285.6736111		30		18.25
286.7534722		29.75		18.25
287.8668981		29.5		18.25
288.9803241		29.75		18.25
290.0902778		30		18.25
291.2060185		30.25		18.25
292.3229167		30.25		18.25
293.4386574		30.25		18.25
294.5532407		30.25		18.25
295.6712963		29.75		18.25
296.7905093		30.5		18.25
297.9027778		30.25		18.25
299.0243056		29.75		18.25
300.1388889		30.5		18.25
301.2523148		30.5		18.25
302.3634259		30.5		18.25
303.474537		30		18.25
304.5949074		30.25		18.25
305.7083333		30.5		18.25
306.8252315		30.5		18.25
307.9409722		30.75		18.25
309.0578704		30.25		18.25
310.1759259		30.5		18.25
311.2916667		30.25		18.25
312.3726852		30.75		18.25
313.4918981		31		18.25
314.6145833		30.75		18.25
315.7337963		30.5		18.25
316.8472222		31.25		18.25
317.962963		30.75		18.25
319.0787037		31.25		18.25
320.1967593		31.25		18.25
321.3090278		30.75		18.25
322.4212963		30.75		18.25
323.5416667		30.75		18.25
324.6458333		31		18.25
325.7604167		31		18.25
326.8738426		31		18.25
327.9780093		31.25		18.25
329.1006944		31		18.25
330.21875		31.5		18.25
331.3344907		30.75		18.25
332.4467593		31.25		18.25
333.5358796		31		18.25
334.6608796		31		18.25
335.78125		31.5		18.25
336.8969907		30.75		18.25
338.0069444		31		18.25
339.1284722		31.75		18.25
340.2418981		31.75		18.25
341.3553241		31.5		18.25
342.4467593		32		18.25
343.5659722		31.25		18.25
344.6747685		32		18.25
345.7893519		31		18.25
346.8981481		32.25		18.31
348.0092593		32		18.25
349.1273148		32		18.25
350.2453704		31.75		18.25
351.3634259		32		18.25
352.4895833		31.75		18.25
353.6099537		32.25		18.31
354.7303241		32		18.31
355.8055556		32.25		18.25
356.9201389		32.5		18.25
358.0358796		32.25		18.25
359.1493056		32.5		18.25
360.2604167		32.5		18.25
361.3784722		32.25		18.25
362.4884259		32.5		18.25
363.6388889		32.25		18.25
364.7523148		31.75		18.25
365.8310185		32.25		18.25
366.9467593		32.75		18.25
368.068287		32.5		18.31
369.1805556		32.5		18.25
370.2928241		32.75		18.25
371.4027778		32.5		18.25
372.5185185		31.75		18.31
373.6331019		32.5		18.25
374.7465278		32.25		18.31
375.8599537		32.75		18.31
376.9803241		32		18.31
378.1041667		33		18.31
379.2233796		32.75		18.31
380.3402778		32.5		18.31
381.4560185		33		18.31
382.5717593		32.75		18.25
383.6643519		33		18.25
384.78125		33.25		18.25
385.8946759		33.25		18.25
387.0173611		33		18.25
388.130787		32.5		18.25
389.2164352		33.25		18.25
390.3310185		32.5		18.31
391.4537037		33.25		18.25
392.5706019		33.25		18.31
393.681713		33.25		18.25
394.8009259		33		18.31
395.9224537		33.25		18.31
397.0358796		33.5		18.25
398.1527778		33.5		18.31
399.2372685		33.5		18.31
400.3900463		33.25		18.25
401.5034722		33.5		18.25
402.5925926		33.5		18.31
403.7060185		33.75		18.31
404.8194444		33.75		18.31
405.931713		33.75		18.25
407.0462963		33.75		18.25
408.1631944		33.75		18.31
409.2789352		33.75		18.31
410.3923611		34.25		18.25
411.5104167		34		18.31
412.6284722		34		18.25
413.744213		34		18.25
414.8263889		34		18.25
415.9444444		33.75		18.25
417.0636574		34.5		18.31
418.1782407		33.75		18.25
419.2974537		34.25		18.25
420.4085648		34		18.31
421.5266204		34.5		18.31
422.6365741		34		18.25
423.7569444		34.5		18.25
424.8622685		34.25		18.31
425.9791667		34.25		18.25
427.0925926		34.25		18.31
428.2106481		34.5		18.31
429.3321759		34.5		18.31
430.4201389		34.25		18.25
431.5358796		34.75		18.31
432.6539352		34.75		18.25
433.7662037		34.75		18.31
434.8738426		34.5		18.25
436.0081019		34.75		18.25
437.1342593		35		18.31
438.2233796		35		18.25
439.3425926		34.5		18.25
440.462963		34.75		18.31
441.5752315		34.75		18.25
442.6724537		35		18.31
443.8009259		35		18.25
444.9166667		35		18.31
446.0243056		35		18.31
447.1377315		35.25		18.31
448.255787		35.25		18.31
449.3726852		35.25		18.31
450.4872685		35		18.25
451.5972222		35.25		18.31
452.712963		35.5		18.31
453.8229167		35.5		18.31
454.9375		35.5		18.31
456.0706019		35.75		18.25
457.1493056		35.75		18.31
458.2638889		35.5		18.31
459.3738426		35.75		18.31
460.5231481		35.5		18.31
461.6388889		35.75		18.31
462.712963		35		18.25
463.8761574		36		18.31
464.9594907		35.75		18.31
466.0740741		35.5		18.25
467.1875		36		18.31
468.3020833		35.75		18.31
469.4259259		36		18.31
470.5127315		35.75		18.25
471.6273148		36.25		18.25
472.7511574		36		18.25
473.8622685		35.5		18.31
474.974537		36		18.31
476.0868056		36		18.25
477.1990741		36.25		18.31
478.3263889		36.5		18.31
479.4456019		36		18.25
480.5648148		36.5		18.25
481.6747685		36.5		18.31
482.7974537		36.5		18.25
483.8773148		36.25		18.19
484.994213		36.5		18.25
486.1111111		36.25		18.25
487.2233796		36.75		18.25
488.3449074		36.75		18.25
489.4606481		36.5		18.31
490.5775463		36.25		18.25
491.6990741		36.75		18.31
492.8263889		36.75		18.31
493.9074074		36.25		18.31
495.0162037		36.75		18.25
496.1296296		36.75		18.25
497.2523148		36.75		18.25
498.3657407		37		18.31
499.4861111		37		18.31
500.6157407		36.5		18.31
501.7268519		36.75		18.25
502.8414352		37		18.31
503.9606481		36.5		18.31
505.0335648		37		18.31
506.1828704		37.25		18.31
507.2650463		37		18.31
508.3912037		37		18.25
509.5127315		37.25		18.25
510.6273148		37.5		18.25
511.7407407		37.25		18.25
512.8518519		37		18.25
513.9722222		37.25		18.31
515.0821759		37.5		18.31
516.2071759		37		18.31
517.2893519		37.75		18.25
518.412037		37.5		18.31
519.5219907		37.75		18.31
520.6365741		37.75		18.25
521.7523148		37.5		18.31
522.8611111		37.75		18.25
523.974537		37.5		18.25
525.0891204		38		18.31
526.2048611		38		18.31
527.3206019		38		18.25
528.4363426		37.5		18.31
529.5497685		38		18.25
530.6585648		38.25		18.25
531.7777778		38		18.25
532.8865741		38		18.25
533.9988426		37.5		18.31
535.1134259		38.25		18.25
536.224537		38		18.25
537.3518519		38		18.25
538.4664352		38.25		18.31
539.5798611		38		18.31
540.6979167		38		18.25
541.7858796		38.5		18.31
542.912037		38.25		18.31
544.0289352		38.25		18.31
545.1435185		38.5		18.25
546.2581019		38.5		18.25
547.3796296		38.5		18.25
548.494213		38.5		18.25
549.6053241		38.5		18.25
550.7199074		38		18.25
551.8368056		38.75		18.25
552.9525463		38.5		18.25
554.0671296		38.5		18.25
555.1828704		38.75		18.31
556.2928241		38.75		18.31
557.412037		38.5		18.25
558.5300926		38.75		18.31
559.6400463		39		18.25
560.755787		38.75		18.25
561.8680556		38.5		18.25
562.9803241		39		18.25
564.09375		39		18.25
565.212963		38.5		18.25
566.3252315		39.25		18.31
567.4409722		39		18.25
568.5543981		39		18.31
569.6666667		39.25		18.25
570.7789352		39		18.25
571.8923611		39		18.31
573.0069444		39		18.31
574.1261574		39.25		18.31
575.2025463		39		18.25
576.3171296		39		18.31
577.4351852		38.75		18.31
578.5462963		39		18.31
579.6655093		39.5		18.31
580.7743056		39.25		18.25
581.8912037		39.25		18.31
583.005787		39.75		18.31
584.1284722		39		18.31
585.2430556		39.5		18.31
586.3599537		39.75		18.31
587.4780093		39.75		18.31
588.59375		39.5		18.25
589.7118056		40		18.25
590.8275463		40		18.25
591.9421296		39.75		18.25
593.0219907		39.75		18.31
594.1400463		40		18.31
595.2638889		40.25		18.31
596.3773148		39.75		18.25
597.4953704		40.25		18.25
598.6064815		40.25		18.25
599.7314815		40.25		18.31
600.8518519		40.25		18.25
601.9675926		40.25		18.31
603.0798611		40.5		18.25
604.1666667		40.25		18.31
605.2858796		40.25		18.31
606.4027778		40.25		18.31
607.5277778		40		18.31
608.6458333		40.25		18.31
609.7662037		40.75		18.31
610.8541667		40.5		18.31
611.9768519		41		18.31
613.1064815		40.5		18.25
614.2233796		40.5		18.31
615.2986111		40.75		18.31
616.4502315		40.75		18.31
617.5648148		40.25		18.31
618.6550926		41		18.31
619.7731481		40.5		18.31
620.8831019		40.5		18.25
621.9976852		41		18.31
623.119213		40.75		18.25
624.2395833		40.75		18.31
625.3287037		40.75		18.31
626.4444444		40.75		18.25
627.5636574		41.25		18.25
628.6782407		40.5		18.25
629.7939815		40.5		18.31
630.9016204		40.5		18.31
632.03125		41.25		18.25
633.1527778		41.25		18.31
634.2662037		41.5		18.25
635.380787		40.75		18.31
636.5046296		41		18.31
637.5810185		40.75		18.31
638.6979167		41.5		18.31
639.8136574		40.75		18.25
640.9282407		41		18.25
642.0416667		41.5		18.25
643.162037		41		18.31
644.2858796		41.25		18.25
645.400463		41.5		18.25
646.5127315		41.5		18.31
647.6331019		41.5		18.31
648.7106481		41.75		18.31
649.8333333		41.25		18.25
650.943287		41.75		18.25
652.0520833		41.75		18.31
653.1759259		41.75		18.31
654.2951389		41.25		18.25
655.4155093		42		18.31
656.53125		42		18.31
657.6458333		42		18.25
658.7604167		42.25		18.31
659.8715278		41.75		18.31
660.9861111		42		18.31
662.1053241		42		18.31
663.1851852		42		18.31
664.3090278		41.75		18.31
665.4305556		42		18.25
666.5462963		42.25		18.25
667.6678241		42.25		18.25
668.7800926		42.25		18.31
669.8935185		42.5		18.31
671.0034722		42.5		18.25
672.1203704		42		18.31
673.2395833		42.25		18.25
674.3553241		42.5		18.31
675.4479167		42.5		18.31
676.5717593		42.5		18.31
677.6944444		42.5		18.31
678.8101852		42.5		18.31
679.9282407		42.75		18.31
681.0127315		42		18.31
682.125		42.75		18.31
683.2407407		42.75		18.31
684.3553241		42.75		18.31
685.4675926		42.75		18.31
686.5891204		41.75		18.31
687.7037037		42.75		18.25
688.8217593		42.75		18.31
689.9340278		42.75		18.31
691.0509259		42.75		18.31
692.1585648		43		18.31
693.2719907		42.5		18.25
694.3900463		42.5		18.31
695.5081019		42.75		18.31
696.6238426		43		18.31
697.7418981		43		18.31
698.8206019		43		18.19
699.931713		43.25		18.31
701.0462963		43.25		18.25
702.1643519		43.25		18.31
703.2858796		43.25		18.31
704.3969907		43.5		18.31
705.5104167		42.75		18.31
706.6261574		43.25		18.31
707.7372685		43.25		18.31
708.8530093		43.5		18.31
709.9768519		43		18.25
711.0891204		43.5		18.31
712.1990741		43.5		18.31
713.3310185		43.5		18.31
714.4375		43.5		18.31
715.5520833		43		18.31
716.6631944		43.25		18.31
717.7696759		43.5		18.31
718.8773148		43.25		18.31
719.994213		43		18.31
721.1087963		43.25		18.31
722.2199074		43.5		18.25
723.3425926		43.75		18.25
724.4641204		44		18.31
725.5833333		43.5		18.25
726.6643519		43.25		18.31
727.7800926		43.75		18.31
728.8969907		44		18.31
730.0138889		43.75		18.31
731.1226852		43.75		18.31
732.2361111		43.75		18.25
733.3518519		43.75		18.31
734.474537		43.5		18.31
735.5925926		43.5		18.31
736.6909722		43.75		18.31
737.806713		44.25		18.31
738.9282407		44.25		18.25
740.0451389		44.25		18.31
741.1631944		44.25		18.31
742.28125		44.25		18.31
743.3726852		44		18.31
744.4884259		44.25		18.31
745.6053241		44.5		18.31
746.724537		44.75		18.31
747.8414352		44.5		18.31
748.9305556		44.5		18.31
750.0555556		44.5		18.31
751.1736111		44.25		18.25
752.28125		44.5		18.25
753.3946759		44.5		18.31
754.5150463		44.5		18.25
755.6342593		44.75		18.31
756.7523148		43.75		18.31
758.0300926		44.75		18.25
759.1435185		44.5		18.25
760.255787		44.5		18.31
761.3773148		44.5		18.25
762.4965278		45		18.25
763.6168981		45		18.31
764.7337963		44.75		18.31
765.8425926		45.25		18.31
766.9560185		45		18.25
768.0694444		45		18.25
769.1956019		45.25		18.25
770.3078704		45.25		18.31
771.4259259		44.75		18.31
772.630787		45.5		18.25
773.7395833		45.25		18.25
774.8530093		45.25		18.31
775.9652778		45.5		18.31
777.0787037		44.75		18.31
778.1944444		45.25		18.31
779.3055556		45.5		18.31
780.4155093		45.5		18.31
781.5277778		45.25		18.31
782.6435185		45.25		18.25
783.7511574		45.75		18.25
784.8703704		45.25		18.25
785.9849537		45.25		18.31
787.099537		45.75		18.25
788.2083333		45.5		18.31
789.3275463		45.75		18.25
790.4398148		45.25		18.25
791.5543981		45.75		18.25
792.6689815		45.75		18.25
793.818287		46.25		18.31
794.9340278		45.75		18.31
796.0497685		45.75		18.25
797.162037		45.75		18.31
798.2743056		45.5		18.25
799.3888889		45.75		18.25
800.5034722		46		18.25
801.6284722		46		18.25
802.7430556		46		18.31
803.8645833		45.75		18.25
805.193287		46.5		18.25
806.3541667		46.25		18.25
807.4722222		46.25		18.19
808.5960648		46.5		18.25
809.7083333		46.75		18.25
810.8206019		46.75		18.31
811.9016204		46.25		18.25
813.0185185		46.25		18.25
814.1516204		46.5		18.25
815.2523148		46.5		18.25
816.3993056		46.25		18.31
817.7858796		47		18.31
818.9780093		46.75		18.25
820.1018519		46.75		18.31
821.2013889		47		18.31
822.3009259		47		18.25
823.4351852		46.25		18.25
824.6273148		46.75		18.25
825.7731481		47		18.25
826.8611111		47.25		18.25
828.0069444		46.75		18.25
829.0925926		47		18.31
830.2060185		47.25		18.25
831.3402778		47.25		18.25
832.6712963		47.75		18.25
833.8518519		47		17.94
834.9398148		48.25		18.25
836.4537037		47.25		17.81
837.5555556		48.25		18.25
838.6898148		48		17.81
839.7893519		48		17.81
840.912037		48.25		17.81
842.0231481		47.75		17.81
843.162037		48		17.81
844.2569444		48.25		17.81
845.3796296		48.25		17.81
846.4675926		48.25		17.94
847.6134259		48.5		17.94
848.7071759		48.25		17.94
849.8356481		48.75		17.87
850.9236111		48.25		17.94
852.0578704		47.75		17.94
853.1458333		48.25		18.06
854.2430556		48.25		18.19
855.3564815		48.25		18.19
856.4907407		49		18.31
857.5787037		48.75		18.44
858.712963		48.5		18.56
859.8009259		49		18.69
860.9467593		48.75		18.87
862.0462963		48.75		19
863.1458333		49		19.19
864.3252315		47.75		19.25
865.4722222		47.5		19.44
866.5601852		48.5		19.56
867.6597222		48.25		19.69
868.7939815		48.5		19.81
869.8819444		48.25		19.94
871.0046296		48.75		20.12
872.1388889		48.5		20.25
873.2326389		47.5		20.37
874.337963		47.5		20.62
875.4722222		47.5		20.75
876.5601852		46.75		21.06
877.6944444		47		21.69
878.8287037		46.75		21.87
879.9398148		46.5		22.19
881.0277778		45.75		22.37
882.1736111		45.25		22.62
883.25		44.25		22.75
884.3842593		44.5		22.87
885.5069444		44		23
886.6064815		43.75		23.19
887.7083333		43.75		23.31
888.837963		43.75		23.31
889.9710648		43.5		23.44
891.0543981		43.25		23.5
892.1956019		43.25		23.5
893.2905093		43		23.56
894.4224537		42.5		23.62
895.5185185		42.75		23.69
896.6099537		42		23.69
897.7488426		42.25		23.75
898.8449074		42		23.75
899.9849537		42.25		23.75
901.0856481		42.25		23.75
902.2222222		42.25		23.75
903.3159722		42.25		23.81
904.4178241		41.5		23.81
905.5358796		42.25		23.81
906.6631944		42.5		23.81
907.75		42.5		23.81
908.8773148		42		23.75
909.9733796		41.5		23.75
911.1134259		42		23.81
912.2071759		42.25		23.81
913.3391204		42.5		23.81
914.4641204		42		23.81
915.5636574		42.5		23.81
916.6655093		42.25		23.81
917.7905093		42.25		23.81
918.9189815		42.75		23.81
920.0173611		42.75		23.81
921.1446759		42.75		23.81
922.2361111		42		23.75
923.3645833		43		23.75
924.4965278		42.75		23.75
925.5798611		42.75		23.75
926.7071759		42.75		23.75
927.8125		42.5		23.75
928.9537037		43		23.75
930.0335648		43.5		23.75
931.1643519		42.5		23.69
932.2766204		42.75		23.69
933.3854167		43.25		23.69
934.4918981		42.75		23.62
935.6041667		43		23.62
936.75		43.25		23.62
937.8541667		43.25		23.56
938.9652778		43.5		23.62
940.0694444		43		23.62
941.1793981		43.5		23.56
942.2858796		43.5		23.56
943.4340278		43.5		23.5
944.5428241		43.75		23.5
945.650463		43.75		23.5
946.7604167		43.75		23.44
947.8761574		43.5		23.5
948.9872685		44		23.44
950.087963		44		23.44
951.1967593		44.25		23.44
952.3402778		44		23.44
953.4363426		44.25		23.44
954.5578704		44		23.37
955.6516204		43.75		23.37
956.7962963		44		23.37
957.8923611		44		23.37
959.0266204		44.25		23.37
960.1099537		44.5		23.37
961.2268519		44.25		23.31
962.3703704		44.5		23.31
963.4560185		44.5		23.25
964.5613426		44.5		23.25
965.6863426		44.5		23.25
966.8275463		44.25		23.19
967.9085648		44.5		23.19
969.037037		44.5		23.19
970.1435185		44.75		23.19
971.28125		44.75		23.19
972.3645833		45.25		23.12
973.5034722		45		23.12
974.5902778		44.75		23.12
975.7303241		44.5		23.06
976.8206019		45		23.12
977.9456019		45.25		23.06
979.0474537		44.75		23.06
980.1759259		45.25		23.06
981.3043981		45.25		23.06
982.4108796		45.5		23.06
983.4976852		45		23
984.6076389		45.5		23
985.71875		44.75		22.94
986.9259259		45.5		22.94
988.0763889		44.75		22.94
989.2627315		45.5		22.94
990.4027778		45.5		22.94
991.5046296		45		22.87
992.6168981		45.5		22.87
993.7581019		45.75		22.87
994.8611111		45.75		22.81
995.9606481		45.5		22.87
997.0648148		45.25		22.81
998.224537		45.75		22.81
999.3101852		45.75		22.81
1000.422454		45.75		22.75
1001.552083		45.25		22.75
1002.825231		46		22.75
1003.967593		45.75		22.75
1005.068287		46		22.75
1006.185185		46.25		22.75
1007.282407		46		22.75
1008.422454		45.25		22.75
1009.50463		45.75		22.69
1010.646991		46		22.62
1011.740741		46.25		22.69
1012.869213		46.25		22.56
1013.996528		46.25		22.56
1015.079861		46.5		22.56
1016.194444		46.75		22.56
1017.335648		46.75		22.56
1018.453704		46.5		22.5
1019.552083		46.75		22.5
1020.644676		46.75		22.5
1021.761574		46.75		22.5
1022.902778		46.5		22.5
1023.991898		46.25		22.5
1025.427083		47		22.44
1026.619213		46.5		22.37
1027.72338		46.5		22.37
1028.951389		47		22.37
1030.085648		47		22.37
1031.185185		46.75		22.37
1032.450231		47.25		22.37
1033.627315		47.5		22.31
1034.761574		47		21.94
1036.034722		47.5		22.25
1037.215278		46.75		22
1038.303241		47		22.44
1039.449074		47.25		22.56
1040.537037		47.25		22.62
1041.635417		47		22.75
1043.217593		47.75		22.81
1044.446759		47.75		22.56
1045.548611		47.5		22.62
1046.642361		48		22.75
1047.851852		47.5		22.87
1048.997685		47.75		22.94
1050.135417		47.5		23.06
1051.229167		48.5		23.12
1052.625		47.75		23.37
1053.721065		48.5		23.56
1054.81713		48.5		23.81
1055.953704		48.5		24
1057.034722		48.75		24.19
1058.179398		48.25		24.37
1059.265046		48.5		24.5
1060.400463		48.75		24.75
1061.496528		48.75		24.94
1062.634259		48.75		25.19
1063.704861		49		25.37
1064.827546		48.75		25.62
1065.966435		48.75		25.81
1067.060185		48.5		26
1068.163194		48.75		26.25
1069.280093		48		26.37
1070.376157		47		26.62
1071.517361		46.5		27.19
1072.608796		46.25		27.37
1073.715278		45.25		27.62
1074.856481		45		27.81
1075.950231		44.75		28
1077.101852		44.5		28.12
1078.1875		44.25		28.25
1079.305556		44.5		28.37
1080.412037		44		28.5
1081.549769		43.5		28.56
1082.630787		43.5		28.62
1083.75		43.75		28.75
1084.878472		43.5		28.81
1086.00463		43.5		28.87
1087.115741		43.5		28.94
1088.194444		42.75		29
1089.357639		43.75		29.06
1090.476852		43		29.12
1091.606481		43.5		29.12
1092.696759		43.5		29.12
1093.81713		43.75		29.19
1094.921296		43.75		29.19
1096.060185		43.25		29.25
1097.162037		43.75		29.25
1098.267361		43.75		29.31
1099.373843		44		29.31
1100.518519		43.5		29.31
1101.623843		44		29.31
1102.729167		44		29.31
1103.833333		44		29.31
1104.94213		43.75		29.31
1106.054398		44		29.31
1107.204861		44		29.31
1108.3125		43.75		29.31
1109.420139		44		29.37
1110.530093		44.25		29.31
1111.631944		44.25		29.31
1112.736111		44		29.31
1113.880787		44		29.31
1114.983796		44.25		29.25
1116.092593		44.25		29.25
1117.19213		44		29.25
1118.314815		44		29.19
1119.421296		43.75		29.19
1120.537037		44.5		29.19
1121.673611		44.5		29.19
1122.815972		44.5		29.19
1123.87963		44.5		29.12
1124.990741		44.75		29.06
1126.108796		44.75		29.06
1127.221065		44.75		29.06
1128.34375		44.75		29
1129.462963		45		29
1130.570602		45		29
1131.68287		45.25		29
1132.802083		45.25		28.94
1133.920139		45		28.87
1135.050926		45.25		28.87
1136.166667		45.25		28.87
1137.256944		44.75		28.87
1138.366898		45		28.81
1139.481481		45		28.81
1140.597222		45.5		28.75
1141.702546		45.5		28.75
1142.819444		45.75		28.75
1143.939815		45.5		28.69
1145.050926		45.75		28.62
1146.165509		46		28.62
1147.282407		46		28.56
1148.395833		46		28.5
1149.516204		45.5		28.56
1150.633102		46		28.5
1151.743056		46		28.44
1152.859954		46.25		28.44
1153.971065		46		28.44
1155.08912		45.75		28.44
1156.206019		46		28.37
1157.326389		46.25		28.31
1158.443287		46.25		28.31
1159.642361		46.75		28.25
1160.755787		46.5		28.25
1161.866898		46.5		28.25
1162.984954		46.75		28.19
1164.099537		46.75		28.19
1165.210648		46.75		28.12
1166.327546		46.75		28.06
1167.444444		47		28.06
1168.575231		46.5		28.06
1169.690972		46.75		28
1170.920139		47.25		28
1172.079861		46.75		27.94
1173.34838		47.25		27.94
1174.471065		47.25		27.87
1175.627315		47.5		27.87
1176.739583		47.5		27.5
1177.863426		47		27.5
1179.171296		47.5		27.87
1180.365741		47.75		27.75
1181.484954		48.25		27.87
1182.640046		47.5		28.06
1183.753472		47.5		28.19
1184.869213		48		28.37
1185.989583		48.25		28.56
1187.107639		48.25		28.75
1188.226852		48		28.94
1189.33912		48.5		29.12
1190.454861		48.5		29.31
1191.56713		48.25		29.5
1192.645833		48.75		29.69
1193.758102		48.5		29.87
1194.873843		48.5		30.06
1195.99537		48.5		30.25
1197.106481		48.75		30.44
1198.224537		48.75		30.56
1199.340278		48.5		30.75
1200.453704		48.5		30.87
1201.564815		48.75		31.12
1202.681713		48.5		31.25
1203.800926		47.75		31.44
1204.884259		47.5		31.62
1206.003472		47.25		31.81
1207.122685		46.75		32.38
1208.236111		46.75		32.5
1209.346065		46.5		32.69
1210.465278		46.5		32.81
1211.584491		46.5		32.94
1212.697917		45.75		33.06
1213.813657		45.75		33.19
1214.928241		45.5		33.25
1216.041667		45.5		33.38
1217.159722		45.25		33.44
1218.280093		45.25		33.5
1219.355324		45.25		33.56
1220.469907		45		33.63
1221.58912		45.25		33.63
1222.707176		44.75		33.69
1223.820602		45		33.75
1224.936343		44.75		33.75
1226.048611		44.75		33.81
1227.16088		45.25		33.81
1228.283565		45		33.81
1229.399306		45.25		33.81
1230.512731		45		33.88
1231.631944		45.25		33.88
1232.753472		45		33.81
1233.866898		44.75		33.81
1234.988426		45.25		33.81
1236.068287		45.25		33.81
1237.180556		45		33.81
1238.292824		45.5		33.81
1239.439815		45.5		33.81
1240.55787		45.25		33.75
1241.635417		45.25		33.75
1242.752315		45.5		33.75
1243.868056		45.25		33.69
1244.983796		45.25		33.75
1246.092593		45.25		33.69
1247.207176		45.5		33.63
1248.322917		46		33.63
1249.436343		45.75		33.63
1250.560185		45.75		33.56
1251.678241		45.5		33.56
1252.795139		45.75		33.5
1253.925926		45.25		33.5
1255.163194		46		33.44
1256.314815		46		33.44
1257.423611		46		33.38
1258.539352		46		33.38
1259.734954		46.5		33.31
1260.846065		46.25		33.31
1261.96412		46.5		33.25
1263.084491		46.5		33.25
1264.159722		46.75		33.19
1265.3125		46.25		33.19
1266.390046		46.25		33.13
1267.591435		46.75		33.13
1268.752315		46.5		33.06
1269.871528		46.25		33
1271.065972		46.75		33
1272.181713		46.5		32.94
1273.298611		46.75		32.94
1274.422454		46.75		32.88
1275.541667		46.75		32.88
1276.652778		47		32.81
1277.760417		47.25		32.81
1278.872685		47.25		32.69
1279.982639		47.25		32.75
1281.335648		47.75		32.69
1282.5		46.75		32.31
1283.976852		47.5		32.56
1285.208333		47.5		32.31
1286.356481		47.75		32.38
1287.467593		47.5		32.44
1288.663194		47.75		32.56
1289.743056		48		32.69
1290.857639		48.25		32.81
1291.989583		48.25		32.94
1293.101852		48.25		33.06
1294.22338		48.25		33.19
1295.33912		48.5		33.31
1296.417824		48.25		33.44
1297.534722		48.5		33.56
1298.65162		48.25		33.69
1299.765046		48.5		33.81
1300.87963		48.25		34
1301.991898		48.75		34.06
1303.108796		48.25		34.19
1304.222222		48.25		34.31
1305.331019		48.5		34.5
1306.429398		48.75		34.69
1307.542824		48.25		34.81
1308.659722		48		34.94
1309.773148		47.25		35.06
1310.930556		47.5		35.5
1312.053241		47		35.31
1313.178241		46.75		35.75
1314.295139		46		35.88
1315.405093		46.25		36
1316.534722		46		36.06
1317.648148		45.5		36.13
1318.766204		45.75		36.19
1319.844907		45.75		36.25
1320.959491		45.5		36.25
1322.075231		45.5		36.31
1323.186343		46		36.31
1324.304398		45.75		36.31
1325.414352		45.25		36.31
1326.525463		45.75		36.31
1327.644676		45.5		36.31
1328.758102		44.5		36.31
1330.15625		45.5		36.31
1331.3125		45.25		36.31
1332.424769		45.25		36.25
1333.548611		45.75		36.25
1334.665509		45.5		36.25
1335.778935		45.5		36.19
1336.893519		45.5		36.19
1338.010417		45.5		36.19
1339.121528		45.25		36.13
1340.239583		45.5		36.13
1341.358796		45.5		36.06
1342.480324		45.75		36
1343.58912		46		36
1344.702546		46.25		36
1345.81713		46.25		35.94
1346.930556		46		35.94
1348.039352		46		35.88
1349.15162		46.25		35.81
1350.266204		46.5		35.81
1351.378472		46.25		35.75
1352.496528		46.5		35.69
1353.608796		46		35.69
1354.72338		46.25		35.63
1355.828704		46.5		35.63
1356.940972		46.75		35.56
1358.055556		46.5		35.5
1359.289352		47		35.5
1360.40625		46.75		35.44
1361.521991		46.75		35.38
1362.795139		47.25		35.38
1363.945602		47		35.31
1365.05787		47		35.31
1366.170139		46.75		35.25
1367.409722		47.25		35.19
1368.565972		47.25		35.13
1369.678241		47		35.13
1370.798611		47		35.06
1371.908565		47		35.06
1373.025463		47		35
1374.337963		47.5		34.94
1375.494213		47.5		34.56
1376.603009		47.25		34.56
1377.715278		47.5		34.88
1378.908565		47.75		34.63
1380.023148		47.75		34.75
1381.136574		47.75		34.81
1382.25463		48		34.88
1383.369213		47.75		34.94
1384.481481		47.75		35
1385.59838		48		35.13
1386.716435		48		35.25
1387.833333		48.75		35.31
1388.952546		48.5		35.44
1390.06713		48.75		35.56
1391.18287		48.25		35.69
1392.255787		48.5		35.81
1393.369213		48.5		35.94
1394.484954		48.5		36.06
1395.597222		48.25		36.19
1396.711806		48.75		36.31
1397.827546		48.5		36.44
1398.939815		49		36.56
1400.049769		48.25		36.69
1401.168981		48.25		36.75
1402.278935		48.25		36.88
1403.391204		47.5		37.06
1404.587963		47.75		37.19
1405.711806		47		37.25
1406.826389		46.75		37.69
1407.974537		47		37.88
1409.082176		46.75		37.94
1410.193287		46.5		38.06
1411.309028		46.5		38.13
1412.425926		46.5		38.19
1413.538194		46		38.25
1414.653935		46.25		38.31
1415.763889		46		38.38
1416.87963		45.25		38.38
1418.398148		46.25		38.38
1419.592593		46		38.38
1420.706019		45.75		38.44
1421.826389		46.25		38.44
1422.980324		46.25		38.44
1424.091435		46.25		38.44
1425.204861		45.5		38.44
1426.311343		45.75		38.44
1427.424769		45.75		38.5
1428.539352		46		38.44
1429.658565		45.75		38.44
1430.768519		46.25		38.38
1431.917824		46.25		38.38
1433.034722		46.25		38.38
1434.152778		46.25		38.31
1435.232639		46.5		38.31
1436.341435		46.25		38.25
1437.569444		46.75		38.25
1438.690972		46.5		38.19
1439.802083		46		38.19
1440.960648		46.5		38.19
1442.194444		47		38.13
1443.346065		46.5		38.06
1444.583333		47		38
1445.699074		46.75		38
1446.820602		47		37.94
1447.936343		47		37.88
1449.049769		47.25		37.88
1450.162037		47.25		37.88
1451.275463		47.25		37.81
1452.386574		47.25		37.75
1453.498843		47		37.69
1454.62037		47		37.63
1455.938657		47.5		37.63
1457.128472		47.75		37.19
1458.238426		47.25		37.13
1459.361111		47.25		37.5
1460.679398		47.75		37.5
1461.802083		48		37.19
1462.918981		48		37.19
1464.032407		48		37.25
1465.150463		47.75		37.31
1466.263889		47.75		37.38
1467.380787		47.75		37.44
1468.5		48.5		37.44
1469.585648		48.25		37.56
1470.699074		48.5		37.69
1471.81713		48.25		37.75
1472.928241		48.75		37.81
1474.040509		48.5		37.94
1475.155093		48.25		38.06
1476.269676		48.5		38.13
1477.381944		49		38.19
1478.502315		48.75		38.31
1479.586806		48.75		38.38
1480.697917		48.75		38.5
1481.810185		48.75		38.63
1482.927083		48.5		38.69
1484.040509		47.75		38.81
1485.153935		48		38.88
1486.306713		47.75		39
1487.422454		47.25		39.06
1488.538194		47.25		39.5
1489.655093		47.25		39.56
1490.734954		47.25		39.63
1491.855324		47.25		39.69
1492.972222		46.75		39.75
1494.101852		46.75		39.81
1495.215278		46.25		39.81
1496.641204		47		39.81
1497.800926		46.75		39.88
1498.914352		46.5		39.88
1500.027778		46.75		39.81
1501.143519		46.75		39.81
1502.262731		46.75		39.81
1503.381944		46.5		39.81
1504.618056		47		39.81
1505.762731		46.75		39.75
1506.840278		46.5		39.75
1507.956019		46.5		39.69
1509.072917		46.75		39.63
1510.197917		46.75		39.63
1511.310185		46.25		39.56
1512.501157		46.75		39.5
1513.658565		46.5		39.5
1514.769676		46.75		39.44
1515.873843		46.75		39.44
1517.002315		46.5		39.38
1518.119213		46.75		39.31
1519.194444		47		39.25
1520.314815		46.75		39.19
1521.4375		47		39.19
1522.55787		46.75		39.13
1523.672454		46.75		39.06
1524.940972		47.25		39
1526.096065		46.75		38.94
1527.185185		47		38.88
1528.299769		46.75		38.81
1529.412037		46.5		38.75
1530.650463		47		38.75
1531.805556		46.5		38.69
1533.002315		47		38.63
1534.15625		47		38.56
1535.27662		47.25		38.5
1536.395833		47.25		38.44
1537.513889		47.5		38.38
1538.664352		47		38
1539.78125		46.75		38.25
1541.6875		47.75		38.25
1542.956019		47.25		37.94
1544.106481		47.5		38.31
1545.302083		47.75		38
1546.417824		47.5		38.06
1547.533565		48		38.13
1548.655093		48		38.19
1549.767361		48		38.25
1550.84375		48.25		38.31
1552.002315		47.5		38.38
1553.111111		48.25		38.5
1554.225694		48.5		38.63
1555.341435		48.5		38.69
1556.460648		48.5		38.81
1557.575231		48		38.88
1558.658565		48.5		39
1559.774306		48.5		39.06
1560.893519		49		39.13
1562.009259		49		39.19
1563.126157		49		39.31
1564.237269		48.75		39.38
1565.347222		49		39.44
1566.461806		49		39.56
1567.572917		49.25		39.63
1568.690972		48.75		39.69
1569.766204		48.5		39.81
1570.881944		47.75		39.88
1571.996528		47.25		39.94
1573.19213		47.5		40.38
1574.430556		47.75		40.13
1575.586806		47.25		40.19
1576.780093		47.5		40.56
1577.892361		47.25		40.25
1579.084491		47.5		40.69
1580.195602		47.25		40.44
1581.391204		47.5		40.81
1582.509259		47.25		40.5
1583.627315		47		40.88
1584.94213		47.5		40.94
1586.105324		46.75		40.69
1587.611111		47.5		41
1588.84375		47.25		40.75
1590.159722		47.75		41.13
1591.314815		47.25		40.81
1592.429398		47.25		41.25
1593.787037		47.75		41.25
1594.94213		47.25		41
1596.053241		47.25		41.31
1597.165509		47.5		41.38
1598.356481		47.75		41.06
1599.46875		47.5		41.13
1600.666667		47.75		41.13
1601.783565		47.75		41.19
1602.896991		47		41.25
1604.445602		47.75		41.63
1605.688657		47.5		41.38
1606.841435		47.75		41.38
1607.962963		47.5		41.44
1609.082176		47		41.5
1610.633102		47.75		41.88
1611.87037		47.5		41.63
1613.032407		47.75		41.63
1614.146991		47.75		41.69
1615.262731		47.5		41.75
1616.380787		47.5		41.81
1617.497685		47.25		41.81
1618.625		47.5		42.19
1619.744213		47.5		41.94
1620.863426		47.5		42
1622.016204		47.75		42
1623.127315		47.5		42
1624.277778		47.5		42.06
1625.390046		47		42.06
1626.501157		47.25		42.44
1627.626157		47		42.5
1628.900463		47.5		42.5
1630.070602		46.75		42.19
1631.978009		47.75		42.56
1633.25463		47.25		42.25
1634.369213		47.25		42.56
1635.484954		47.25		42.56
1636.612269		47.5		42.63
1637.729167		47		42.25
1638.846065		47.25		42.63
1640.005787		47.5		42.63
1641.122685		47.5		42.31
1642.238426		47.5		42.31
1643.354167		47.5		42.31
1644.47338		47.5		42.31
1645.628472		47.75		42.31
1646.747685		47.25		42.31
1647.863426		47.25		42.69
1649.185185		47.75		42.69
1650.342593		47.75		42.38
1651.46412		47.5		42.38
1652.578704		47		42.44
1653.694444		47.25		42.75
1655.047454		47.75		42.75
1656.208333		47.5		42.44
1657.365741		47.75		42.44
1658.483796		47.25		42.44
1659.644676		47.5		42.81
1660.796296		47.75		42.5
1661.952546		47.5		42.5
1663.069444		47		42.5
1664.34838		47.5		42.88
1665.502315		47.25		42.56
1666.622685		46.75		42.88
1667.857639		47.25		42.94
1669.011574		47		42.94
1670.128472		47		42.94
1671.24537		47		42.88
1672.359954		47		42.94
1673.475694		47.25		42.88
1674.59375		47.25		42.88
1675.71875		47		42.88
1676.827546		46.75		42.81
1677.939815		46.75		42.81
1679.060185		47		42.75
1680.175926		47.25		42.69
1681.284722		47		42.69
1682.396991		47		42.63
1683.667824		47.5		42.56
1684.862269		47		42.19
1685.943287		47.25		42.44
1687.097222		47.5		42.44
1688.210648		46.75		42.06
1689.488426		47.25		42.38
1690.644676		47		42.38
1691.760417		47.25		42.31
1692.873843		47.5		42.31
1693.990741		47.5		42
1695.107639		47.25		41.94
1696.224537		47.25		42.25
1697.346065		47.25		42.25
1698.501157		47.5		42.25
1699.586806		47.25		41.88
1700.694444		47.25		42.25
1701.820602		47.25		42.19
1703.178241		47.75		42.19
1704.302083		47		41.88
1705.422454		47.25		42.13
1706.571759		47.5		42.13
1707.693287		47		41.81
1708.97338		47.5		42.13
1710.166667		47.5		41.81
1711.291667		47.75		41.75
1712.443287		47.5		41.75
1713.556713		48		41.81
1714.712963		47.25		41.81
1715.865741		47.5		42.13
1716.983796		48.25		41.88
1718.0625		48.25		41.88
1719.174769		48.25		41.88
1720.293981		48.5		41.94
1721.405093		48.75		41.94
1722.523148		48.75		41.94
1723.634259		48.5		41.94
1724.743056		48.75		42
1725.861111		48.25		42.06
1726.979167		48.5		42.06
1728.097222		48.25		42.13
1729.175926		48.5		42.19
1730.295139		48.25		42.19
1731.408565		48		42.25
1732.523148		48.25		42.31
1733.636574		48.25		42.38
1734.752315		48.25		42.44
1735.868056		48.25		42.44
1736.994213		47.75		42.5
1738.070602		48		42.5
1739.236111		47.75		42.56
1740.349537		47.75		42.63
1741.466435		47.75		42.63
1742.578704		47.75		42.69
1743.699074		47.75		42.75
1744.782407		48.25		42.81
1745.900463		48.25		42.88
1747.020833		47.75		42.88
1748.136574		47.75		42.94
1749.248843		48.25		42.94
1750.37037		48		43
1751.488426		48.25		43
1752.601852		48		43.06
1753.681713		47.75		43.06
1754.795139		48		43.13
1755.951389		47.5		43.19
1757.150463		47.75		43.13
1758.271991		47.5		43.19
1759.386574		47.5		43.19
1760.5		47.5		43.25
1761.616898		47.25		43.25
1762.774306		47.5		43.63
1763.888889		47.25		43.31
1765.24537		47.75		43.69
1766.399306		47.25		43.31
1767.516204		47		43.69
1768.634259		46.75		43.69
1769.871528		47.25		43.69
1771.023148		47		43.69
1772.146991		47.25		43.69
1773.255787		47.25		43.69
1774.378472		47		43.63
1775.497685		46.5		43.63
1776.93287		47.25		43.56
1778.128472		47		43.5
1779.25463		47		43.5
1780.371528		46.75		43.44
1781.645833		47.25		43.44
1782.762731		47.25		43.38
1783.880787		46.75		43.38
1784.998843		47		43.31
1786.112269		47		43.25
1787.22338		46.75		43.19
1788.341435		46.75		43.13
1789.62037		47.25		43.06
1790.773148		47.25		43
1791.868056		47.25		42.94
1793.024306		47.5		42.88
1794.137731		46.75		42.5
1795.221065		47		42.81
1796.33912		47		42.75
1797.462963		47.25		42.69
1798.577546		47		42.63
1799.696759		47.25		42.63
1801.015046		47.75		42.56
1802.175926		47.25		42.19
1803.324074		47.5		42.5
1804.517361		47.75		42.13
1805.635417		47.5		42.06
1806.75463		47.5		42.06
1807.859954		47.5		42.06
1808.972222		47.25		42.06
1810.125		47.5		42.44
1811.211806		48		42.06
1812.408565		47.25		42.13
1813.538194		47.5		42.44
1814.732639		47.75		42.13
1815.847222		47.75		42.13
1816.969907		47.75		42.13
1818.082176		48.25		42.13
1819.196759		48		42.19
1820.310185		48		42.19
1821.424769		48.25		42.25
1822.502315		48.25		42.31
1823.621528		48.25		42.31
1824.732639		49		42.38
1825.853009		48.5		42.44
1826.969907		48.5		42.44
1828.079861		48.25		42.44
1829.200231		48.75		42.5
1830.309028		48.5		42.5
1831.422454		48.75		42.56
1832.539352		48.25		42.63
1833.616898		48.75		42.63
1834.726852		48		42.69
1835.841435		48.25		42.69
1836.957176		48.75		42.75
1838.083333		48.5		42.75
1839.199074		48.25		42.75
1840.315972		48.5		42.81
1841.478009		47.75		42.88
1842.564815		48.25		42.88
1843.678241		48.25		42.94
1844.792824		48.25		42.94
1845.917824		48		43
1847.028935		47.75		43
1848.148148		47.75		43.06
1849.231481		48.25		43.06
1850.346065		48.25		43.13
1851.461806		47.75		43.13
1852.581019		47.75		43.19
1853.693287		47.5		43.19
1854.810185		47.5		43.25
1856.052083		47.75		43.25
1857.168981		47.5		43.31
1858.362269		47.75		43.31
1859.482639		48		43.38
1860.601852		47.75		43.38
1861.719907		47.25		43.38
1862.837963		47.25		43.75
1863.962963		47		43.75
1865.282407		47.5		43.75
1866.44213		46.75		43.44
1867.561343		47		43.75
1868.858796		47.5		43.75
1870.017361		47.25		43.38
1871.136574		47.25		43.75
1872.215278		47		43.75
1873.368056		47.25		43.69
1874.476852		47.25		43.69
1875.594907		47.25		43.69
1876.711806		47		43.69
1877.824074		47.25		43.63
1878.939815		47.25		43.63
1880.052083		47.5		43.63
1881.168981		47.25		43.25
1882.277778		47.25		43.56
1883.392361		47.25		43.5
1884.515046		47.25		43.5
1885.631944		47.25		43.44
1886.784722		47.5		43.44
1887.898148		47.5		43.06
1889.015046		47		43.06
1890.127315		47		43.31
1891.247685		47.25		43.31
1892.359954		47.25		43.31
1893.482639		47.25		43.31
1894.5625		47.25		43.25
1895.725694		47.5		43.25
1896.87963		47.75		42.88
1898.030093		47.75		42.81
1899.146991		47.75		42.81
1900.258102		47		42.75
1901.378472		48		43.13
1902.662037		47.25		42.75
1903.818287		47.5		43.06
1904.972222		47.75		42.75
1906.121528		47.25		42.69
1907.436343		47.75		43
1908.606481		47.5		42.69
1909.717593		47.25		42.69
1910.837963		47.5		43.06
1911.958333		47		42.75
1913.547454		47.75		43.06
1914.752315		47.5		42.75
1915.872685		47.25		42.75
1917.027778		47.5		43.06
1918.184028		47.75		42.69
1919.300926		48.25		42.75
1920.412037		48.25		42.81
1921.525463		48		42.81
1922.635417		47.75		42.81
1923.748843		47.75		42.81
1924.878472		47.75		42.88
1925.991898		47.25		42.88
1927.298611		47.75		43.19
1928.417824		48		42.94
1929.56713		47.75		42.94
1930.650463		47.5		42.94
1931.762731		47.5		42.94
1932.886574		47.25		42.94
1934.038194		47.5		43.31
1935.199074		47.75		43
1936.314815		47.5		43
1937.46412		47.5		43
1938.539352		48.25		43.06
1939.655093		48		43.06
1940.771991		47.75		43.13
1941.887731		47.75		43.13
1943.002315		47.75		43.13
1944.115741		48		43.13
1945.241898		47.75		43.19
1946.355324		47.5		43.19
1947.553241		47.75		43.25
1948.665509		47.5		43.25
1949.775463		48		43.31
1950.900463		48		43.31
1951.980324		47.25		43.31
1953.106481		47.25		43.69
1954.458333		47.75		43.75
1955.618056		47.5		43.44
1956.695602		47.5		43.44
1957.891204		47.75		43.44
1959.006944		47.75		43.44
1960.138889		47.75		43.44
1961.251157		47.25		43.5
1962.569444		47.75		43.81
1963.722222		47.5		43.56
1964.836806		47		43.56
1965.954861		46.75		43.88
1967.193287		47.25		43.88
1968.349537		47		43.88
1969.46412		46.75		43.88
1970.740741		47.25		43.88
1971.898148		47		43.88
1972.978009		47.25		43.81
1974.337963		47.75		43.81
1975.487269		47		43.44
1976.614583		47.25		43.75
1977.763889		47.5		43.69
1978.880787		46.75		43.31
1980.372685		47.5		43.63
1981.65162		47.75		43.31
1982.766204		47		43.31
1984.041667		47.5		43.63
1985.199074		47.5		43.25
1986.31713		47.5		43.25
1987.430556		47.5		43.25
1988.543981		47.25		43.31
1989.862269		47.75		43.56
1991.059028		47.5		43.31
1992.226852		47.75		43.31
1993.340278		47.25		43.31
1994.498843		47.5		43.63
1995.657407		47.75		43.31
1996.769676		47.25		43.31
1997.921296		47.5		43.63
1999.047454		47.25		43.31
2000.16088		47		43.63
2001.27662		47.25		43.69
2002.591435		47.75		43.63
2003.75463		47.5		43.31
2004.869213		47.5		43.31
2006.025463		47.75		43.25
2007.143519		47.75		43.31
2008.260417		47.75		43.31
2009.380787		47.75		43.31
2010.5		47.75		43.31
2011.622685		48		43.31
2012.751157		47.75		43.31
2013.872685		47.5		43.31
2014.991898		47		43.31
2016.270833		47.5		43.69
2017.472222		47.75		43.38
2018.591435		47.5		43.44
2019.791667		47.75		43.44
2020.91088		47.75		43.44
2021.997685		47.75		43.44
2023.12037		47.25		43.5
2024.439815		47.75		43.81
2025.570602		48		43.5
2026.689815		47.5		43.56
2027.8125		47.5		43.5
2028.981481		47.75		43.56
2030.100694		47.75		43.56
2031.226852		47.5		43.63
2032.336806		48		43.56
2033.497685		47.5		43.63
2034.65162		47.75		43.63
2035.810185		47.5		43.69
2036.967593		47.75		43.69
2038.083333		47.5		43.69
2039.194444		47.5		43.69
2040.347222		47.75		43.75
2041.482639		47		43.75
2042.758102		47.5		44.06
2043.947917		47.5		43.75
2045.05787		47.5		43.75
2046.173611		47.25		43.75
2047.289352		47.5		44.13
2048.405093		47		43.75
2049.520833		47.25		44.13
2050.637731		47.25		44.13
2051.758102		47		44.13
2052.871528		47.25		44.13
2054.02662		47.5		44.13
2055.137731		47.5		43.75
2056.255787		47.5		43.75
2057.336806		47.25		43.69
2058.452546		47.25		44.06
2059.605324		47.5		44
2060.716435		47.5		43.75
2061.91088		47.75		43.69
2063.030093		47.25		43.69
2064.144676		47		44
2065.260417		47.25		44
2066.37037		47.25		44
2067.487269		47		44
2068.59838		46.5		44
2070.037037		47.25		43.94
2071.266204		47.25		43.94
2072.359954		47.25		43.88
2073.47338		47		43.88
2074.582176		47.25		43.81
2075.730324		47.5		43.81
2076.849537		47.25		43.38
2077.965278		47.25		43.75
2079.119213		47.5		43.69
2080.231481		46.75		43.31
2081.34838		46.75		43.63
2082.619213		47.25		43.63
2083.737269		47.25		43.56
2084.847222		47.25		43.56
2085.960648		47.25		43.5
2087.314815		47.75		43.5
2088.472222		47.5		43.13
2089.596065		47		43.06
2090.704861		47		43.38
2092.259259		47.75		43.38
2093.491898		47.5		43
2094.56713		47		43
2096.155093		47.75		43.31
2097.384259		47.25		42.94
2098.528935		47.5		43.25
2099.680556		47.75		42.94
2100.797454		47.75		42.88
2101.915509		48		42.88
2103.063657		47.75		42.88
2104.184028		47.75		42.88
2105.259259		47.75		42.94
2106.409722		48		42.94
2107.524306		47.5		42.94
2108.636574		47.5		43
2109.755787		47.5		43
2110.912037		47.75		43
2112.060185		47.25		43.06
2113.377315		47.75		43.38
2114.489583		48		43.13
2115.606481		47.75		43.13
2116.740741		47.5		43.13
2117.855324		48.25		43.19
2118.93287		48.25		43.13
2120.049769		48		43.19
2121.166667		48.75		43.19
2122.284722		48.25		43.19
2123.403935		48		43.25
2124.515046		48		43.25
2125.628472		48.25		43.31
2126.74537		48.5		43.38
2127.861111		47.75		43.38
2128.987269		48.25		43.38
2130.099537		48.5		43.44
2131.21412		48.5		43.44
2132.332176		48.25		43.44
2133.443287		48		43.5
2134.554398		48.25		43.56
2135.711806		47.25		43.56
2136.789352		48.5		43.94
2137.894676		48.25		43.63
2139.011574		48		43.63
2140.127315		48		43.69
2141.24537		47.75		43.69
2142.359954		48		43.69
2143.479167		48		43.75
2144.592593		47.25		43.75
2145.707176		48		44.06
2146.938657		47.5		43.81
2148.052083		47.5		43.81
2149.165509		48		43.88
2150.325231		47.5		43.88
2151.520833		47.75		43.88
2152.638889		47.75		43.88
2153.755787		47.5		43.88
2154.871528		47.25		43.94
2156.186343		47.75		44.25
2157.34375		47.5		43.94
2158.457176		47.5		44
2159.614583		47.75		44
2160.771991		47		44
2162.052083		47.5		44.31
2163.206019		47.5		44
2164.322917		47.25		44
2165.47338		47.5		44.31
2166.592593		46.5		44.06
2168.431713		47.5		44.31
2169.673611		47.25		44
2170.822917		47.25		44.31
2172.135417		47.75		44.25
2173.292824		47.5		43.94
2174.408565		47.5		43.94
2175.599537		47.75		43.94
2176.715278		47.5		43.94
2177.869213		47.75		43.94
2178.983796		47.5		43.88
2180.101852		47.5		43.88
2181.222222		47.5		43.94
2182.341435		47.25		43.94
2183.438657		47.25		44.25
2184.597222		47.5		44.25
2185.719907		47.5		43.94
2186.841435		47.5		43.94
2187.920139		47		43.94
2189.069444		46.75		44.25
2190.545139		47.5		44.25
2191.743056		47.5		43.94
2192.858796		47.5		43.88
2193.975694		47		43.88
2195.09375		47.25		44.19
2196.208333		47.25		44.19
2197.327546		47		44.19
2198.444444		47.25		44.19
2199.601852		47.5		44.13
2200.717593		47.25		43.81
2201.828704		47		44.06
2203.107639		47.5		44.06
2204.269676		47		43.75
2205.388889		47		44.06
2206.506944		47.25		44
2207.62963		47		44
2208.908565		47.5		43.94
2210.068287		47.5		43.63
2211.186343		47.25		43.63
2212.305556		47.5		43.88
2213.47338		47.75		43.56
2214.633102		47.75		43.5
2215.74537		47.75		43.5
2216.835648		47.5		43.5
2217.956019		47.5		43.5
2219.069444		47.5		43.5
2220.184028		47.25		43.5
2221.501157		47.75		43.81
2222.659722		47.75		43.5
2223.77662		47.75		43.5
2224.895833		47.75		43.5
2226.009259		47.5		43.56
2227.121528		47.5		43.56
2228.236111		47.5		43.56
2229.351852		47.5		43.56
2230.465278		47.25		43.56
2231.583333		47.25		43.88
2232.694444		47.25		43.94
2233.8125		47.25		43.94
2234.931713		47.25		43.94
2236.046296		47.5		43.94
2237.203704		47		43.63
2238.760417		47.75		43.94
2239.959491		47.25		43.56
2241.31713		47.75		43.88
2242.469907		47.5		43.56
2243.627315		47.75		43.5
2244.747685		48		43.5
2245.831019		48		43.5
2246.949074		47.5		43.5
2248.074074		48		43.5
2249.186343		48.25		43.5
2250.337963		47.75		43.5
2251.454861		47.75		43.5
2252.568287		47.75		43.56
2253.684028		47.5		43.5
2254.763889		47.25		43.56
2255.880787		47		43.94
2257.436343		47.75		43.94
2258.553241		48		43.63
2259.715278		47.5		43.63
2260.790509		47.25		43.63
2262.138889		47.75		44
2263.295139		47.75		43.69
2264.407407		47.5		43.63
2265.600694		47.75		43.63
2266.716435		47.75		43.69
2267.840278		47.25		43.69
2268.96875		47.5		44
2270.123843		47.75		43.69
2271.280093		47.5		43.69
2272.359954		47.25		43.69
2273.519676		47.5		44.06
2274.633102		47.5		43.75
2275.746528		46.75		43.75
2277.658565		47.75		44.06
2278.965278		47		43.75
2280.077546		47.25		44.06
2281.231481		47.5		44.06
2282.340278		47.5		43.75
2283.457176		47.5		43.75
2284.575231		47.25		43.75
2285.693287		47.25		44.06
2286.80787		47.5		44.06
2287.920139		47		43.75
2289.037037		47.25		44.06
2290.152778		47		44.06
2291.300926		47.25		44.06
2292.622685		47.75		44.06
2293.777778		47.5		43.75
2294.927083		47.75		43.69
2296.040509		47.5		43.69
2297.155093		47.25		43.69
2298.30787		47.5		44
2299.417824		47.25		43.69
2300.53125		47.25		44
2301.693287		47.5		44
2302.8125		47.25		43.63
2304.127315		47.75		43.94
2305.282407		47.25		43.63
2306.399306		47.25		43.88
2307.516204		47.25		43.88
2308.871528		47.75		43.88
2310.016204		47.25		43.5
2311.331019		47.75		43.81
2312.491898		47.5		43.5
2313.609954		47.25		43.5
2314.967593		47.75		43.81
2316.127315		47.25		43.44
2317.275463		47.5		43.81
2318.388889		47.5		43.5
2319.496528		48		43.44
2320.609954		48.5		43.5
2321.810185		47.75		43.44
2322.891204		47.75		43.44
2324.008102		47.5		43.44
2325.126157		48		43.5
2326.324074		47.5		43.5
2327.474537		47.75		43.5
2328.586806		47.75		43.56
2329.702546		47.75		43.56
2330.819444		47.75		43.56
2331.934028		47.75		43.63
2333.053241		47.5		43.63
2334.210648		47.75		43.69
2335.327546		47.75		43.69
2336.449074		47.25		43.69
2337.565972		47.25		44.06
2338.883102		47.75		44.06
2340.079861		47.75		43.75
2341.194444		47.25		43.81
2342.274306		47.25		44.13
2343.388889		48		44.13
2344.619213		47.75		43.81
2345.741898		48		43.81
2346.858796		48		43.75
2347.976852		48		43.81
2349.059028		48		43.81
2350.172454		48		43.81
2351.289352		47.5		43.81
