0		19		21.31
1.671296296		18.5		21.31
2.778935185		18.75		21.31
3.888888889		18.5		21.31
5.002314815		19		21.31
6.097222222		19		21.31
7.210648148		18.75		21.31
8.332175926		18.25		21.31
9.445601852		18.75		21.31
10.56481481		18.75		21.31
11.69212963		18.5		21.25
12.80671296		18.5		21.31
13.9212963		18.5		21.31
15.03356481		19		21.31
16.11689815		19		21.31
17.24189815		19		21.31
18.35763889		18.25		21.31
19.48842593		19		21.31
20.56944444		19.25		21.37
21.68634259		18.75		21.31
22.79976852		18.25		21.31
23.92013889		18.75		21.25
25.03703704		19		21.31
26.14814815		19.5		21.31
27.26388889		19.75		21.31
28.37962963		19.75		21.31
29.50810185		19.5		21.31
30.62384259		20		21.31
31.73611111		19.25		21.31
32.85648148		20.25		21.31
33.96875		20.25		21.25
35.08333333		20.25		21.31
36.18981481		20.5		21.31
37.2974537		20.75		21.25
38.41435185		20.5		21.25
39.52662037		20		21.25
40.64930556		20.75		21.31
41.76041667		20.25		21.31
42.87962963		20.5		21.31
43.99074074		20.5		21.25
45.1099537		20.75		21.31
46.22106481		20.5		21.31
47.34027778		20.75		21.31
48.41898148		20.75		21.25
49.53587963		20.75		21.25
50.65972222		21		21.25
51.77893519		20.5		21.31
52.89467593		21.25		21.31
54.01157407		20.25		21.31
55.13078704		20.75		21.31
56.24652778		21		21.31
57.32638889		21.25		21.31
58.44675926		21.5		21.31
59.5625		21.25		21.25
60.6712963		21.5		21.31
61.77893519		21		21.31
62.89583333		21		21.31
64.00694444		21.25		21.31
65.125		21		21.31
66.23726852		21.25		21.31
67.35185185		21		21.31
68.46759259		21.5		21.31
69.58101852		21.75		21.31
70.70023148		21.25		21.25
71.82060185		21.75		21.31
72.92824074		21.75		21.31
74.04513889		22.25		21.31
75.16319444		22.25		21.31
76.28819444		22		21.31
77.36921296		21.5		21.31
78.48148148		22.75		21.25
79.59837963		22.75		21.25
80.71527778		22.25		21.31
81.8275463		22		21.31
82.94791667		22.75		21.25
84.0625		22.5		21.31
85.18402778		22.75		21.31
86.30324074		22.5		21.31
87.4224537		22.75		21.25
88.53240741		23		21.25
89.64699074		22.25		21.25
90.7662037		23		21.31
91.88425926		23		21.31
92.99537037		22.75		21.31
94.08101852		23		21.25
95.19328704		22.75		21.25
96.30439815		22.75		21.31
97.41898148		23.5		21.25
98.54166667		23		21.25
99.65162037		23		21.25
100.7685185		23.25		21.25
101.8854167		23.5		21.25
103.0069444		23.5		21.25
104.119213		23.5		21.19
105.2372685		23.5		21.25
106.3506944		22.5		21.25
107.4699074		23.25		21.25
108.5925926		23		21.19
109.6875		23.25		21.25
110.8009259		23.25		21.25
111.9166667		23.25		21.25
113.0347222		23.75		21.19
114.1458333		23.25		21.25
115.2592593		23.75		21.25
116.3715278		24		21.19
117.494213		23.5		21.25
118.5844907		24		21.25
119.7060185		24.25		21.25
120.8298611		23.5		21.25
121.9456019		24		21.25
123.0636574		24.25		21.25
124.1770833		24.25		21.25
125.2939815		24.5		21.25
126.4108796		24		21.25
127.494213		24.5		21.25
128.6111111		24.5		21.25
129.7256944		24.5		21.19
130.8414352		24		21.19
131.9571759		24.75		21.19
133.0717593		24.5		21.19
134.1828704		24		21.25
135.2962963		24.25		21.19
136.412037		24.25		21.19
137.5219907		24.75		21.19
138.6435185		24.5		21.19
139.7592593		24.5		21.19
140.8761574		24.75		21.19
141.9930556		24.25		21.19
143.1145833		25		21.19
144.2361111		24.75		21.19
145.3171296		24.75		21.19
146.4340278		25		21.25
147.5474537		24.75		21.19
148.6666667		25		21.19
149.7858796		25		21.19
150.9097222		25.5		21.19
151.9953704		25.5		21.19
153.1122685		25.25		21.19
154.2268519		25.5		21.19
155.3356481		24.5		21.19
156.4548611		25.25		21.19
157.5694444		24.75		21.19
158.6898148		25.5		21.19
159.8136574		25.25		21.19
160.9340278		25		21.12
162.0532407		24.75		21.12
163.1689815		25.75		21.12
164.2824074		25.75		21.19
165.3935185		25.75		21.12
166.505787		25.75		21.12
167.6215278		26		21.12
168.7141204		26		21.12
169.8263889		25.75		21.12
170.9386574		26		21.19
172.0671296		26		21.12
173.1770833		25.5		21.12
174.2824074		25.5		21.19
175.4027778		26		21.12
176.53125		26		21.12
177.6435185		26		21.19
178.7233796		25.75		21.12
179.8425926		26.25		21.19
180.9525463		26.25		21.12
182.068287		26.25		21.12
183.1909722		26		21.12
184.3020833		26.25		21.12
185.4155093		26.25		21.12
186.5347222		26.25		21.12
187.6493056		26.5		21.12
188.7685185		26		21.12
189.8831019		26.5		21.12
191		26.5		21.12
192.1157407		26.25		21.12
193.2303241		26.75		21.12
194.3449074		27		21.12
195.4583333		26.25		21.06
196.5729167		26.75		21.06
197.6875		26.75		21.06
198.8055556		26.5		21.06
199.9166667		27		21.12
201.025463		26.5		21.06
202.1423611		27		21.12
203.2592593		26.75		21.06
204.3726852		26.25		21.06
205.4895833		27.5		21.06
206.6064815		27.25		21.06
207.6828704		27		21.06
208.7997685		27		21.06
209.9143519		27.25		21.06
211.0289352		27		21.06
212.1423611		26.75		21.06
213.2546296		27.5		21.06
214.3726852		27.5		21.06
215.4826389		26.75		21
216.5972222		26.5		21.06
217.71875		27.25		21.06
218.8333333		27.25		21
219.9548611		27.25		21.06
221.0717593		27.75		21.06
222.1863426		27.75		21
223.3032407		27		21.06
224.4178241		27.75		21
225.5347222		27.25		21
226.6134259		27.75		20.94
227.7314815		27.5		21
228.8564815		27.75		21
229.974537		27.75		21
231.0844907		27.75		21
232.2025463		28		21
233.3240741		28		21
234.4340278		28.25		21
235.5497685		27.75		21
236.6701389		27.75		20.94
237.7847222		28.25		21
238.8680556		28		21
239.9837963		28.25		21
241.1099537		28.5		20.94
242.2280093		28.5		21
243.3449074		28.25		20.94
244.4606481		28.25		21
245.5798611		28.75		21
246.6921296		28.75		21
247.7731481		29		21
248.8888889		28.75		21
250.0115741		28.75		21
251.130787		28.75		20.94
252.2476852		28.5		21
253.3680556		29		21
254.4791667		28.5		21
255.6030093		29		21
256.7106481		29		21
257.8275463		29.25		21
258.9386574		28.75		20.94
260.0543981		29		21
261.1678241		29		21
262.275463		28.5		21
263.3912037		29.5		21
264.5046296		28.75		21
265.6157407		28.75		20.94
266.7291667		29.25		20.94
267.84375		29.25		21
268.9606481		29.25		20.94
270.0740741		29		20.94
271.1898148		29		20.94
272.3090278		29.75		20.94
273.4224537		28.75		20.94
274.5300926		29.25		20.94
275.6377315		29.5		20.94
276.755787		29.25		20.94
277.8726852		30.25		21
278.9884259		29.75		20.94
280.0763889		29.5		20.94
281.1990741		29.25		20.94
282.318287		29.25		20.94
283.4375		29.75		20.94
284.5486111		29.75		20.87
285.6678241		30		20.94
286.7789352		30		20.94
287.8958333		29.5		20.87
289.0173611		30		20.94
290.1412037		30.25		20.94
291.255787		30		20.94
292.3634259		29.5		20.87
293.4814815		30.25		20.94
294.556713		30.25		20.94
295.6701389		29.75		20.94
296.7858796		30.25		20.87
297.9178241		30.25		20.94
299.0381944		30.25		20.94
300.1527778		30.25		20.94
301.2800926		30.25		20.94
302.3935185		30.5		20.87
303.5023148		30.25		20.94
304.6180556		30.75		20.87
305.7291667		30.5		20.94
306.8113426		30.5		20.87
307.9236111		30.75		20.87
309.0474537		30.75		20.94
310.1597222		30.75		20.87
311.275463		30.75		20.87
312.3935185		30.75		20.94
313.5046296		31		20.87
314.6446759		30.5		20.87
315.7372685		30.75		20.87
316.8368056		30.5		20.87
317.9560185		31		20.87
319.0694444		31		20.87
320.1828704		31.25		20.87
321.2997685		30.5		20.87
322.40625		30.5		20.87
323.5231481		31.25		20.87
324.6388889		30.25		20.87
325.75		31		20.87
326.8645833		31.25		20.87
327.9722222		31.25		20.87
329.0891204		30.75		20.87
330.2071759		31.25		20.87
331.3240741		31.25		20.87
332.4409722		31.25		20.87
333.5601852		31.5		20.87
334.6759259		30.75		20.87
335.7951389		30.75		20.87
336.9131944		31.75		20.87
338.0219907		31.5		20.87
339.130787		31.5		20.87
340.2488426		31		20.87
341.3622685		31.25		20.87
342.4826389		31.5		20.87
343.5625		31		20.87
344.6770833		31.75		20.87
345.7962963		31.75		20.87
346.9074074		31.75		20.87
348.0543981		31.75		20.87
349.162037		32.25		20.87
350.275463		32		20.87
351.3842593		32		20.87
352.5046296		32		20.81
353.625		32		20.87
354.7013889		32		20.87
355.8159722		32		20.81
356.9340278		31.75		20.81
358.0497685		31.75		20.81
359.162037		31.5		20.81
360.2777778		32.25		20.87
361.3877315		32.5		20.87
362.5081019		32.5		20.87
363.6238426		32.25		20.81
364.7395833		32.25		20.87
365.8634259		32.5		20.81
366.9861111		32.5		20.81
368.1006944		32		20.87
369.2164352		32.5		20.87
370.3043981		32.75		20.81
371.4236111		32.5		20.81
372.5474537		32.5		20.81
373.6574074		32		20.81
374.7719907		32.5		20.81
375.8935185		32		20.81
377.005787		32.75		20.75
378.1215278		32.5		20.81
379.2372685		32.75		20.81
380.3148148		32.5		20.75
381.4328704		32.75		20.81
382.5439815		32.25		20.81
383.6967593		32.5		20.81
384.7719907		33.25		20.75
385.9201389		32.5		20.75
387		33		20.81
388.1180556		32.5		20.75
389.2314815		33		20.75
390.3518519		33.5		20.81
391.46875		33		20.81
392.5891204		33.25		20.75
393.7060185		33		20.81
394.8217593		33.25		20.75
395.9421296		33.25		20.75
397.056713		33.25		20.75
398.1701389		33		20.81
399.2847222		33.5		20.75
400.4039352		33.5		20.75
401.5104167		33.25		20.75
402.6296296		33.5		20.75
403.7106481		33		20.75
404.8217593		33.5		20.75
405.9375		33.5		20.75
407.0497685		33.5		20.75
408.1678241		33.75		20.75
409.2881944		33.75		20.69
410.4016204		34		20.75
411.5231481		33.75		20.69
412.6423611		34		20.69
413.7592593		34		20.75
414.8773148		33.75		20.75
415.994213		33.75		20.75
417.1076389		34		20.75
418.1828704		34		20.75
419.3101852		33.5		20.75
420.4270833		34		20.75
421.5405093		34.25		20.69
422.6574074		34		20.75
423.775463		34		20.75
424.880787		34.25		20.75
425.9872685		34		20.75
427.09375		34.25		20.75
428.2094907		34.5		20.69
429.3275463		33.75		20.75
430.4467593		34.5		20.75
431.5636574		34		20.75
432.6875		34.25		20.75
433.8055556		34.25		20.69
434.9247685		34.25		20.69
436		34.5		20.75
437.1539352		34.25		20.75
438.2337963		34.25		20.75
439.3541667		34.5		20.75
440.4641204		34.25		20.75
441.5763889		34.5		20.69
442.6863426		34.5		20.69
443.8043981		34.75		20.69
444.9236111		34.75		20.69
446.0393519		34.25		20.62
447.1527778		34.75		20.69
448.2708333		34.75		20.69
449.3761574		35		20.69
450.4907407		35		20.69
451.6018519		35		20.69
452.7175926		35		20.69
453.8287037		35		20.69
454.9502315		34.75		20.69
456.0613426		34.75		20.62
457.1724537		34.75		20.69
458.3020833		35		20.69
459.4143519		35		20.69
460.5381944		34.75		20.69
461.6527778		35		20.62
462.7673611		35.25		20.69
463.880787		35.25		20.69
464.9953704		35		20.62
466.0763889		35		20.62
467.2280093		35.25		20.69
468.3402778		35.5		20.62
469.4525463		35.5		20.62
470.5625		35.25		20.69
471.6770833		35.25		20.62
472.7962963		35.5		20.62
473.8773148		35.5		20.62
474.994213		35.5		20.62
476.1111111		35.5		20.62
477.2256944		35.75		20.62
478.3333333		35.25		20.62
479.4560185		35.75		20.62
480.5798611		35		20.62
481.6979167		35.5		20.62
482.8113426		35.5		20.62
483.9247685		35.5		20.62
485.0393519		35.75		20.56
486.125		35.75		20.62
487.2407407		35.5		20.62
488.3912037		36		20.62
489.4710648		36		20.56
490.5844907		36		20.62
491.7037037		36		20.62
492.8171296		35.5		20.62
493.9351852		36		20.56
495.0474537		36		20.62
496.1805556		36		20.56
497.2881944		36.5		20.62
498.4097222		36.25		20.62
499.5289352		36		20.62
500.6076389		36		20.62
501.7199074		35.75		20.62
502.8368056		36		20.56
503.9560185		36.5		20.56
505.0740741		36		20.56
506.1886574		35.75		20.56
507.3113426		36		20.62
508.4224537		36.5		20.62
509.5462963		36.25		20.56
510.6597222		36.75		20.56
511.775463		36.5		20.56
512.8923611		36.25		20.56
513.9976852		36.5		20.62
515.1122685		36.5		20.62
516.2326389		36.75		20.56
517.3506944		36.75		20.56
518.4618056		37.25		20.56
519.5775463		36.25		20.56
520.6956019		37		20.56
521.806713		37		20.56
522.8912037		36.75		20.56
524.0023148		37		20.56
525.1180556		36.5		20.56
526.2372685		37.25		20.56
527.3483796		37.25		20.56
528.4606481		36.75		20.56
529.5717593		37		20.56
530.693287		37.5		20.56
531.8125		37		20.56
532.9282407		37		20.56
534.0428241		37.5		20.56
535.15625		36.75		20.56
536.2696759		37		20.56
537.3842593		36.75		20.56
538.5023148		37.5		20.56
539.625		37.5		20.56
540.7395833		37.25		20.56
541.8518519		37.5		20.56
542.9606481		37.75		20.5
544.0763889		37.25		20.56
545.1898148		37.5		20.56
546.3032407		37.5		20.56
547.4178241		37.5		20.56
548.525463		37.75		20.5
549.6446759		37.75		20.56
550.7615741		37.75		20.5
551.869213		38		20.5
552.9837963		38		20.5
554.0925926		37.5		20.5
555.2071759		38		20.5
556.3229167		38		20.5
557.4398148		38		20.56
558.556713		38.25		20.5
559.6701389		37.75		20.5
560.7881944		37.75		20.5
561.9027778		38.25		20.5
562.9803241		38.25		20.5
564.130787		38.25		20.5
565.2395833		37.75		20.5
566.3506944		38.5		20.5
567.4675926		38.25		20.5
568.5763889		38.25		20.44
569.6921296		38.25		20.5
570.8125		38.75		20.5
571.9270833		38.5		20.56
573.0081019		38.5		20.5
574.1226852		38.75		20.5
575.2372685		38.75		20.5
576.3506944		38.75		20.5
577.462963		38.5		20.5
578.5787037		38.75		20.5
579.693287		38.5		20.44
580.8148148		38.75		20.5
581.9212963		38.25		20.5
583.0439815		39.25		20.5
584.1608796		39		20.5
585.2800926		39.25		20.5
586.3969907		39.25		20.5
587.5138889		38.75		20.5
588.5972222		39		20.5
589.7453704		39		20.5
590.8587963		38.75		20.5
591.9375		38.75		20.5
593.0543981		39		20.44
594.1712963		39		20.5
595.2858796		38.75		20.5
596.3923611		38.75		20.44
597.505787		39		20.5
598.6273148		39.5		20.5
599.744213		39.25		20.5
600.8564815		38.75		20.5
601.9652778		39.5		20.5
603.0763889		39.25		20.44
604.2233796		39.5		20.5
605.3368056		39.75		20.5
606.4502315		39.75		20.44
607.5300926		39.25		20.44
608.6469907		39.25		20.44
609.7662037		39.5		20.44
610.8831019		40.25		20.44
611.9965278		39.5		20.5
613.1064815		39.5		20.44
614.2268519		40		20.44
615.3599537		39.75		20.44
616.474537		39.5		20.44
617.59375		39.75		20.5
618.6701389		39.75		20.44
619.7824074		39.5		20.44
620.9386574		39.75		20.44
622.0092593		39.75		20.44
623.125		40.25		20.44
624.2384259		40.5		20.44
625.3576389		40		20.44
626.4756944		40		20.44
627.6006944		40		20.44
628.7222222		39.75		20.44
629.8356481		40.25		20.44
630.9224537		40.25		20.44
632.0462963		40.25		20.44
633.1597222		40		20.44
634.2743056		40.75		20.37
635.3865741		40.75		20.37
636.5034722		40.5		20.37
637.6226852		40.5		20.44
638.7418981		40.5		20.37
639.8634259		40.5		20.37
640.9710648		40.5		20.37
642.0868056		40		20.37
643.2002315		40.25		20.37
644.3252315		40.25		20.37
645.4375		40.75		20.37
646.5532407		40.5		20.37
647.6678241		40.5		20.37
648.7511574		41		20.37
649.8726852		40.75		20.44
650.9907407		41		20.37
652.1087963		41.25		20.37
653.1956019		41		20.37
654.318287		41.25		20.37
655.431713		40.75		20.37
656.5578704		40.5		20.37
657.6770833		40.75		20.37
658.7939815		40.5		20.37
659.9074074		41.25		20.37
661.0231481		41		20.37
662.1342593		41		20.37
663.2430556		41.25		20.37
664.3634259		41.5		20.37
665.4814815		41.5		20.37
666.5648148		41.75		20.37
667.6828704		41.75		20.37
668.7928241		41.75		20.37
669.9085648		41.75		20.37
671.0335648		42		20.37
672.1493056		41.75		20.37
673.2650463		42		20.37
674.3831019		41.75		20.37
675.4988426		42		20.37
676.6122685		41.5		20.37
677.7268519		42		20.37
678.8472222		41.75		20.31
679.9641204		41.75		20.37
681.0729167		42		20.37
682.1898148		42		20.31
683.3009259		42		20.31
684.4166667		42.25		20.31
685.4930556		42.25		20.31
686.6099537		42.25		20.37
687.7210648		42.25		20.31
688.8356481		42		20.31
689.9560185		42		20.37
691.1967593		42.75		20.31
692.3449074		42.25		20.31
693.4571759		42		20.31
694.6921296		42.75		20.31
695.8449074		42.75		20.31
696.9212963		42.25		20.31
698.0428241		42.5		20.31
699.1631944		42.5		20.37
700.2800926		42.5		20.31
701.3946759		42.75		20.31
702.5277778		42.25		20.31
703.7569444		43		20.31
704.9108796		42.25		20.31
706.025463		42.25		20.31
707.537037		43.25		20.31
708.7303241		42.75		20.25
709.8888889		43.25		20.31
711.005787		42.75		20.31
712.1689815		43.25		20.25
713.2881944		42.5		20.31
714.8391204		43.5		20.31
716.0729167		43		20.25
717.193287		43		20.31
718.275463		43		20.31
719.3923611		43.25		20.31
720.4976852		43		20.25
721.6134259		42.5		20.31
722.9293981		43.25		20.31
724.0821759		43		20.31
725.4768519		43.75		20.31
726.6331019		43.5		20.31
727.7511574		43.5		20.25
728.8657407		43.5		20.31
729.9791667		43.75		20.31
731.087963		43.25		20.25
732.2800926		43.75		20.31
733.4375		44		20.31
734.5138889		43.5		20.25
735.9872685		44.25		20.31
737.1828704		44		20.25
738.3032407		43.75		20.25
739.4293981		43.5		20.31
740.6666667		44		20.25
741.7847222		44		20.31
742.8981481		44		20.31
744.0138889		44		20.25
745.1284722		44		20.25
746.2523148		44.25		20.25
747.3680556		44.5		20.31
748.4849537		43.75		20.25
750.0347222		44.5		20.25
751.2326389		44		20.25
752.5115741		44.5		20.25
753.6724537		44.5		20.31
754.7951389		44.5		20.25
755.8715278		45		20.25
757.0636574		44.75		19.37
758.1805556		45		19.37
759.2928241		44.75		19.37
760.4039352		44.5		19.31
761.5925926		44.75		20.25
762.7164352		45.25		19.31
763.8680556		44.75		19.25
764.9837963		44.75		19.31
766.0914352		45		19.25
767.2094907		45		19.31
768.3263889		45		19.31
769.4467593		45		19.31
770.5578704		45.5		19.31
771.6770833		45		19.31
772.7893519		44.75		19.31
773.9039352		45.25		19.37
775.056713		44.5		19.31
776.2476852		44.75		20.25
777.3611111		45.25		19.31
778.4791667		45.25		19.31
779.5509259		45		19.31
780.6666667		44.75		19.37
781.7800926		44.75		19.37
782.9039352		45		19.31
784.0277778		45.25		19.37
785.1412037		45.5		19.44
786.2546296		45.5		19.44
787.3703704		45.25		19.37
788.4490741		45		19.5
789.5613426		45.5		25
790.6770833		45.5		25
791.7916667		45.25		20.25
792.9085648		45.5		20.19
794.0266204		45.75		25
795.1388889		45.75		19.5
796.255787		45.25		19.56
797.375		45.5		19.56
798.4560185		45.75		19.62
799.5717593		45.5		19.69
800.6909722		45.5		19.69
801.8101852		45.25		19.62
802.9247685		45.25		19.69
804.0439815		45		19.69
805.119213		44.75		19.69
806.2361111		45.25		19.69
807.3506944		45.25		19.69
808.4710648		45.25		19.69
809.5949074		45.5		19.69
810.7060185		45.25		19.69
811.8240741		45.25		19.75
812.9039352		45.75		19.75
814.0173611		45.5		19.81
815.150463		45.5		19.87
816.2719907		45.5		19.94
817.3865741		44.75		20
818.4976852		45.25		20.06
819.6145833		45.25		20.06
820.7222222		45		20.12
821.8402778		45.5		20.25
822.9560185		45		20.31
824.0324074		44.75		20.37
825.1840278		45.25		20.5
826.2928241		45		20.56
827.3726852		45.25		20.62
828.4826389		45.5		20.75
829.59375		45.25		20.81
830.7071759		44.75		20.87
831.8240741		45		20.94
832.9780093		44.75		21.06
834.0972222		45		21.12
835.2094907		45.25		21.19
836.3263889		45		21.25
837.4409722		44.5		21.37
838.5636574		44		22
839.681713		43.75		22.06
840.7592593		43.75		22.19
841.9097222		43.25		22.25
843.0243056		42.75		22.31
844.1400463		42.5		22.31
845.2546296		42		22.44
846.3645833		41.75		22.5
847.4409722		41.5		22.56
848.5925926		42		22.56
849.6712963		41		22.62
850.7824074		41		22.62
851.9328704		41.5		22.69
853.0474537		41.25		22.69
854.130787		40.5		22.75
855.2418981		41		22.75
856.3599537		41.5		22.75
857.4722222		41.5		22.75
858.5902778		41.25		22.81
859.7199074		41.25		22.81
860.8310185		41		22.81
861.9456019		40.5		22.81
863.0335648		41		22.87
864.1828704		40.75		22.87
865.2696759		41		22.87
866.4155093		40.75		22.87
867.4918981		41		22.87
868.6041667		41		22.87
869.724537		40.5		22.87
870.8414352		40.25		22.87
871.9560185		41		22.87
873.0694444		41		22.94
874.1863426		41.25		22.94
875.3020833		41.25		22.94
876.4166667		41		22.87
877.5393519		41		22.87
878.6493056		41.25		22.87
879.7638889		40.75		22.87
880.8784722		41.25		22.87
881.9895833		41.25		22.87
883.1030093		41		22.87
884.2152778		41		22.87
885.3391204		41.5		22.94
886.4525463		41.25		22.87
887.5358796		41		22.87
888.6550926		41.25		22.81
889.775463		41.5		22.87
890.8935185		41.25		22.87
892.0104167		41.5		22.87
893.1157407		41.75		22.81
894.2303241		41		22.81
895.3472222		41.75		22.81
896.4618056		41.5		22.81
897.5856481		41.75		22.87
898.712963		42		22.81
899.8252315		42		22.81
900.943287		41.75		22.81
902.0601852		41.25		22.75
903.1759259		42		22.81
904.3263889		42.25		22.75
905.4386574		41.75		22.75
906.5208333		41.75		22.75
907.6354167		41.75		22.75
908.7592593		42.25		22.75
909.875		42.25		22.75
910.9918981		42		22.69
912.2314815		42.75		22.69
913.3541667		42.5		22.75
914.4756944		42.25		22.69
915.587963		42.5		22.69
916.7071759		42.5		22.69
917.8275463		42.25		22.62
918.9444444		42.75		22.62
920.0601852		42.75		22.62
921.1805556		43.25		22.62
922.3043981		42.5		22.62
923.4201389		43		22.69
924.5335648		43		22.56
925.6481481		43.25		22.56
926.7604167		42.75		22.5
927.8796296		42.5		22.56
929.474537		43.5		22.56
930.6793981		43		22.56
931.8009259		43		22.5
932.9212963		43.25		22.5
934.037037		43.5		22.5
935.1145833		43.5		22.5
936.2314815		43.5		22.5
937.3472222		43.25		22.5
938.4652778		43.5		22.44
939.5810185		43.75		22.44
940.6898148		43.5		22.44
941.8043981		43.75		22.44
942.9201389		43.75		22.37
944.0335648		43.75		22.37
945.2997685		44.25		22.37
946.4525463		44		22.37
947.568287		43.75		22.37
948.681713		43.75		22.37
949.962963		44.25		22.31
951.0729167		44.25		22.31
952.2256944		44.25		22.31
953.3402778		44.5		22.31
954.4548611		44.5		22.31
955.5752315		44.5		22.25
956.7314815		44.75		22.31
957.8831019		44.25		21.5
959.1967593		44.75		22.25
960.3101852		45		21.5
961.4641204		44.5		21.56
962.5416667		44.5		22.25
963.7418981		44.75		22.19
964.818287		45		21.56
965.9351852		45		21.56
967.056713		45		21.5
968.1747685		45.25		21.5
969.2905093		45		21.5
970.4131944		45.5		21.44
971.4953704		45.25		21.44
972.6076389		45.25		21.44
973.7199074		45.25		21.44
974.8333333		44.75		21.44
975.9513889		45.5		21.44
977.068287		45.5		21.37
978.1840278		45.25		21.37
979.2997685		45.25		21.37
980.3796296		45.5		21.31
981.494213		45.75		21.31
982.6145833		45.75		21.31
983.7303241		45.25		21.44
984.84375		45.75		21.37
985.9583333		45.75		21.31
987.0740741		45.5		21.31
988.1898148		45.5		21.31
989.306713		45.75		21.31
990.4166667		46		21.37
991.4965278		45.75		21.37
992.6134259		45.5		21.31
993.7430556		45.75		21.31
994.8657407		45.25		21.31
995.943287		45.75		21.25
997.0601852		45.5		25
998.1759259		45.75		21.31
999.2858796		45.5		21.25
1000.398148		45.75		21.31
1001.518519		45.5		21.37
1002.640046		46		21.44
1003.752315		45.5		21.37
1004.871528		45.25		21.37
1005.946759		46		21.44
1007.063657		45.75		21.5
1008.180556		45.5		21.62
1009.290509		46		21.69
1010.408565		45.75		21.81
1011.519676		45.75		21.94
1012.643519		46		22.06
1013.755787		45.5		22.25
1014.868056		45.5		22.44
1015.981481		45.5		22.69
1017.09375		45.25		22.81
1018.171296		45.75		23.06
1019.288194		45		23.25
1020.40162		45.25		23.5
1021.528935		45.5		23.69
1022.642361		45.5		23.87
1023.760417		46		24.06
1024.875		45.5		24.25
1025.951389		45		24.37
1027.069444		45.5		24.62
1028.185185		45.25		24.81
1029.299769		45.25		25
1030.457176		44.25		25.19
1031.569444		44.25		25.87
1032.685185		44.25		26.06
1033.833333		43.5		26.25
1034.991898		43.75		26.44
1036.146991		42.75		26.62
1037.265046		43		26.75
1038.37963		43		26.87
1039.49537		43		27
1040.608796		43.25		27.12
1041.725694		43		27.19
1042.834491		42.5		27.25
1043.983796		43		27.37
1045.09838		42.5		27.37
1046.215278		42.25		27.44
1047.334491		42.25		27.5
1048.44213		42		27.56
1049.559028		42.5		27.62
1050.650463		42.5		27.62
1051.804398		43		27.69
1052.884259		42.75		27.69
1053.99537		42.5		27.75
1055.123843		42.5		27.75
1056.239583		42.25		27.75
1057.356481		42.5		27.75
1058.476852		41.75		27.75
1059.672454		42.5		27.81
1060.805556		42.5		27.75
1061.922454		42		27.75
1063.040509		42.5		27.75
1064.155093		42.75		27.81
1065.238426		41.75		27.81
1066.685185		42.75		27.75
1067.847222		42.5		27.81
1068.960648		42		27.75
1070.196759		42.75		27.75
1071.351852		42.75		27.75
1072.469907		42.75		27.69
1073.550926		42.75		27.69
1074.665509		42.75		27.69
1075.821759		43.25		27.69
1076.939815		43.25		27.69
1078.056713		43		27.62
1079.25		43.5		27.62
1080.369213		42.5		27.62
1081.930556		43.5		27.56
1083.166667		43.75		27.56
1084.278935		43.25		27.56
1085.475694		43.75		27.5
1086.594907		43.75		27.5
1087.711806		43.75		27.5
1088.824074		43.75		27.44
1089.939815		43.5		27.44
1091.05787		43.5		27.37
1092.173611		43.5		27.37
1093.375		44		27.37
1094.528935		44		27.31
1095.646991		44		27.31
1096.763889		44		27.31
1097.881944		44.25		27.25
1099.027778		44.5		27.19
1100.174769		44.75		27.19
1101.305556		44.5		26.56
1102.424769		44.5		27.12
1103.577546		44.75		27.06
1104.725694		44.75		26.5
1105.834491		44.5		26.5
1106.951389		44.25		27.06
1108.0625		44		27
1109.177083		45		27
1110.287037		45.25		26.31
1111.403935		45.5		26.37
1112.519676		45.25		26.31
1113.594907		45.25		26.31
1114.708333		45.25		26.25
1115.822917		45.5		26.25
1116.936343		45.75		26.25
1118.056713		45.25		26.19
1119.179398		45.5		26.19
1120.296296		45.75		26.19
1121.408565		45.75		26.12
1122.487269		45.25		26.12
1123.609954		45.5		26.06
1124.722222		45.75		26.06
1125.827546		45.5		26
1126.936343		46		26
1128.046296		45.75		25.94
1129.196759		45.5		25.94
1130.303241		45.5		25
1131.409722		45.75		26.5
1132.528935		46		26.44
1133.600694		46		26.44
1134.719907		46.25		26.44
1135.83912		45.75		26.37
1136.957176		46.25		26.37
1138.069444		46.25		26.12
1139.186343		46		25.69
1140.296296		46		25.81
1141.409722		46		25.75
1142.53125		46.25		25.75
1143.615741		46.25		25.75
1144.733796		45.5		25.87
1145.849537		46.25		25.94
1146.965278		46.25		26.06
1148.079861		46.25		26.25
1149.200231		46.25		26.37
1150.314815		46		26.5
1151.394676		46.25		26.62
1152.511574		46		26.81
1153.627315		45.75		26.94
1154.736111		46.25		27.06
1155.851852		46.25		27.19
1156.972222		46.25		27.31
1158.085648		46.25		27.5
1159.171296		46		27.69
1160.289352		46.5		27.81
1161.409722		45.75		28
1162.528935		46.25		28.12
1163.638889		46		28.25
1164.753472		45.75		28.44
1165.87037		45.75		28.56
1166.949074		45.25		28.75
1168.068287		44.5		28.87
1169.188657		45.25		29.44
1170.30787		45.25		29.19
1171.428241		45.25		29.25
1172.538194		45		29.37
1173.693287		44.75		29.5
1174.8125		44.5		29.69
1176.284722		44.75		30.25
1177.400463		45.25		29.94
1178.716435		44.25		30.12
1179.90625		44.25		30.69
1181.061343		43.75		30.81
1182.174769		43.25		30.94
1183.292824		43		31.06
1184.480324		43.25		31.19
1185.71875		43.5		31.25
1186.872685		43.25		31.37
1187.949074		43		31.44
1189.101852		42.75		31.5
1190.21412		42.75		31.56
1191.327546		42.75		31.62
1192.408565		43		31.62
1193.523148		43		31.69
1194.640046		42.75		31.69
1195.872685		43.25		31.75
1197.028935		43		31.75
1198.140046		43		31.81
1199.253472		43.25		31.81
1200.368056		43.25		31.81
1201.479167		43.25		31.81
1202.592593		43		31.81
1203.701389		43		31.81
1204.90162		43.5		31.81
1206.021991		43.25		31.81
1207.140046		43.5		31.81
1208.259259		43.5		31.81
1209.341435		43		31.81
1210.462963		43		31.81
1211.579861		43		31.75
1212.690972		43		31.69
1213.805556		43		31.69
1214.923611		43.25		31.69
1216.038194		43.5		31.69
1217.155093		43.25		31.69
1218.350694		43.75		31.62
1219.461806		43.75		31.56
1220.575231		43.75		31.56
1221.693287		43.75		31.56
1223.202546		44.5		31.56
1224.407407		44.25		31.5
1225.524306		44		31.44
1227.115741		44.75		31.44
1228.306713		44.75		30.62
1229.421296		44.75		30.56
1230.538194		44.5		30.62
1231.653935		45		31.25
1232.768519		45		30.56
1233.888889		45		30.69
1235.002315		44.5		30.62
1236.082176		45.5		31.12
1237.194444		45.25		30.5
1238.31713		45.25		30.69
1239.435185		45.5		30.69
1240.550926		45.5		30.75
1241.668981		45.5		30.87
1242.78588		45.5		30.94
1243.861111		45.75		31
1244.980324		45.75		31.12
1246.091435		45.75		31.19
1247.219907		45.5		31.31
1248.336806		46		31.44
1249.414352		45.5		31.56
1250.532407		45.5		31.69
1251.650463		45		31.87
1252.768519		45.5		31.94
1253.890046		45.75		32.06
1254.990741		45.25		32.19
1256.103009		45.25		32.38
1257.232639		45.5		32.5
1258.311343		45.25		32.63
1259.428241		45.25		32.75
1260.543981		45.5		32.88
1261.663194		45.75		32.94
1262.783565		45.5		33.13
1263.898148		45.25		33.19
1264.974537		45		33.31
1266.09375		45		33.44
1267.216435		44.75		33.56
1268.332176		45		33.69
1269.445602		45		33.75
1270.568287		44.5		33.88
1271.6875		44.5		34.5
1272.806713		44.5		34.63
1274.005787		44.75		34.69
1275.164352		44.75		34.06
1276.283565		44.25		34.13
1277.443287		44.5		34.94
1278.606481		44.5		35
1279.725694		44.25		35.06
1280.800926		44		35.06
1281.953704		44		35.19
1283.065972		44		35.25
1284.18287		43.5		35.25
1285.418981		44		35.25
1286.533565		43.75		35.31
1287.652778		43.75		35.31
1288.774306		43.5		35.31
1290.006944		44		35.31
1291.16088		44		35.31
1292.240741		44.25		35.31
1293.359954		44.25		35.31
1294.480324		44		35.31
1295.600694		44		35.31
1296.721065		43.75		35.31
1297.831019		44		35.25
1298.94213		43.5		35.25
1300.054398		43.75		35.25
1301.178241		44		35.19
1302.297454		44		35.19
1303.414352		44.25		35.13
1304.525463		44.5		35.13
1305.650463		44.5		35.06
1306.766204		44.5		35.06
1307.959491		44.75		35
1309.074074		44.5		34.38
1310.197917		44.5		34.94
1311.278935		44.5		34.94
1312.390046		44.25		34.88
1313.508102		45		34.81
1314.748843		44.75		34.13
1315.866898		45		34.19
1316.950231		45		34.19
1318.068287		45		34.13
1319.197917		45.25		34.19
1320.31713		45.75		34.25
1321.396991		45.5		34.25
1322.511574		45.75		34.31
1323.619213		45.75		34.31
1324.737269		45.75		34.44
1325.849537		45.75		34.5
1326.967593		45.25		34.56
1328.086806		46		34.56
1329.200231		45.75		34.63
1330.3125		45.75		34.69
1331.430556		46.25		34.81
1332.543981		46.25		34.81
1333.65625		45.75		35
1334.734954		46		34.94
1335.850694		46		35.06
1336.976852		45.75		35.06
1338.092593		45		35.19
1339.212963		45.25		35.31
1340.326389		45.5		35.38
1341.436343		45.5		35.44
1342.545139		45.5		35.5
1343.659722		45.75		35.63
1344.766204		45.5		35.69
1345.875		46		35.75
1346.984954		45.75		35.75
1348.094907		46		35.88
1349.203704		45		35.94
1350.310185		45.5		36
1351.539352		44.75		36.06
1352.681713		44.5		36.13
1353.952546		44.75		36.75
1355.096065		44.75		36.13
1356.251157		44.75		36.31
1357.372685		44.75		36.38
1358.487269		44.5		36.44
1359.612269		44.5		37
1360.726852		44.25		37.06
1361.96412		44.5		37.13
1363.238426		44.75		37.19
1364.361111		44.5		36.5
1365.478009		43.75		37.25
1367.666667		44.75		37.31
1369.056713		44.5		36.81
1370.18287		44		37.38
1371.537037		44.5		37.38
1372.734954		44.5		37.38
1373.844907		44.25		37.44
1374.93287		44.25		37.44
1376.054398		44		37.5
1377.41088		44.5		37.44
1378.604167		44		37.5
1379.717593		44		37.5
1380.832176		44		37.44
1381.947917		44		37.44
1383.065972		44.25		37.44
1384.19213		44.25		37.44
1385.542824		44.75		37.38
1386.706019		44.5		36.75
1387.818287		44.5		37.38
1388.972222		44.75		37.31
1390.094907		44.75		36.75
1391.21875		45		36.75
1392.334491		44.75		36.75
1393.454861		45		36.69
1394.576389		44.5		36.69
1395.689815		45		37.31
1396.803241		45		36.63
1397.915509		44.5		36.81
1399.039352		44.5		37.38
1400.199074		44.75		37.38
1401.319444		44.75		36.75
1402.438657		44.5		36.88
1403.555556		45		37.44
1404.673611		45		36.81
1405.791667		45		37
1406.91088		44.5		37
1408.028935		45		37.56
1409.184028		44.75		36.88
1410.293981		45		37.06
1411.413194		44.75		37.06
1412.533565		45.25		37.13
1413.648148		45.25		37.13
1414.765046		45.5		37.19
1415.880787		45.25		37.19
1416.99537		46		37.19
1418.076389		45		37.25
1419.193287		45.25		37.25
1420.306713		45.5		37.25
1421.418981		45		37.31
1422.537037		45.25		37.31
1423.662037		45		37.38
1424.775463		44.75		37.38
1425.888889		44.75		37.5
1427.009259		45		37.5
1428.082176		45.25		37.56
1429.206019		45		37.56
1430.325231		45		37.63
1431.444444		45		37.69
1432.556713		45		37.69
1433.675926		44.75		37.75
1434.753472		45.25		37.81
1435.952546		44.5		37.81
1437.070602		45		38.38
1438.230324		44.75		37.81
1439.349537		44.5		38
1440.465278		44.25		38.56
1441.582176		44.25		38.56
1442.734954		44.5		38.63
1443.855324		44.5		38.63
1444.96875		44		38.69
1446.085648		44		38.69
1447.203704		44		38.69
1448.320602		44.25		38.69
1449.434028		44		38.69
1450.552083		44		38.69
1451.641204		44		38.69
1452.756944		44		38.69
1453.872685		44.25		38.63
1454.987269		43.75		38.63
1456.099537		44		38.63
1457.209491		44		38.56
1458.525463		44.5		38.56
1459.681713		44		38.56
1461.236111		44.75		38.5
1462.466435		44.75		37.88
1463.545139		44.5		37.88
1464.658565		45		38.31
1465.856481		44.5		37.63
1467.011574		44.75		38.31
1468.123843		44.75		37.75
1469.241898		44.75		37.75
1470.351852		44.5		37.75
1471.543981		44.75		38.31
1472.663194		44.5		37.69
1473.780093		44.5		38.31
1474.898148		45		38.31
1475.978009		45.25		37.69
1477.085648		45		37.81
1478.200231		45		37.88
1479.33912		45.25		37.88
1480.416667		45		37.88
1481.53588		44.25		37.88
1482.887731		44.75		38.5
1484.039352		44.75		37.75
1485.155093		45		38
1486.303241		44.25		38
1487.421296		45		38.56
1488.502315		45.25		37.94
1489.623843		45		38.06
1490.741898		44.5		38.13
1491.869213		45.25		38.69
1492.949074		45.25		38
1494.063657		45.25		38.19
1495.184028		44.75		38.19
1496.300926		45.25		38.25
1497.414352		45		38.31
1498.53125		44.75		38.38
1499.646991		45		38.31
1500.763889		45.25		38.38
1501.878472		45.25		38.38
1502.957176		45		38.44
1504.075231		45		38.44
1505.19213		45		38.5
1506.321759		44.75		38.5
1507.439815		44.25		38.56
1508.763889		44.75		39.13
1509.877315		45		38.44
1510.994213		44.75		38.63
1512.111111		45		38.69
1513.232639		45		38.69
1514.344907		45.25		38.69
1515.457176		45		38.75
1516.563657		45		38.75
1517.681713		44.75		38.75
1518.768519		44.5		38.81
1519.960648		44.75		39.38
1521.074074		44.75		38.75
1522.188657		44.5		38.88
1523.304398		45		39.44
1524.459491		44		38.81
1525.578704		44.25		39.5
1526.93287		44.75		39.56
1528.094907		44.5		38.88
1529.175926		44		39.56
1530.291667		44.25		39.56
1531.417824		44.25		39.5
1532.537037		44.25		39.56
1533.652778		44.25		39.5
1534.769676		44.5		39.5
1535.972222		44.75		39.5
1537.086806		44.75		38.81
1538.206019		44.25		38.88
1539.320602		44.25		39.44
1540.439815		44.25		39.44
1541.753472		44.75		39.44
1542.903935		44.25		38.69
1544.0625		44.5		39.38
1545.172454		44.25		39.38
1546.292824		44		39.38
1547.576389		44.5		39.38
1548.704861		45		39.31
1549.863426		44.75		38.63
1550.97338		45.25		38.69
1552.172454		44.25		38.75
1553.318287		44.5		39.25
1554.475694		44.75		39.25
1555.579861		44.75		38.56
1556.732639		44.75		38.63
1557.806713		44.25		38.63
1558.959491		44.25		39.19
1560.074074		44.5		39.19
1561.265046		44.75		39.19
1562.346065		45		38.44
1563.503472		44.5		38.63
1564.657407		44.75		39.13
1565.77662		44.75		38.38
1566.899306		44.75		38.5
1568.019676		44.75		38.56
1569.131944		45		38.56
1570.248843		44.75		38.56
1571.364583		45		38.56
1572.474537		45.25		38.56
1573.590278		45.25		38.63
1574.707176		45.25		38.63
1575.820602		45		38.63
1576.899306		45		38.69
1578.019676		46		38.69
1579.153935		45.25		38.75
1580.262731		45.5		38.75
1581.353009		45.5		38.81
1582.469907		44.75		38.88
1583.584491		45.25		38.88
1584.703704		45		38.94
1585.820602		45.25		38.94
1586.927083		45		38.94
1588.034722		45		39
1589.146991		45.25		39
1590.299769		44.75		39.06
1591.416667		45		39.13
1592.533565		45		39.13
1593.643519		45		39.13
1594.75463		45		39.19
1595.87037		44.75		39.19
1596.953704		44.75		39.25
1598.065972		45.25		39.25
1599.184028		45		39.25
1600.304398		44.5		39.31
1601.420139		44.25		39.88
1602.539352		44.25		39.94
1603.65625		45		39.94
1604.886574		44.5		39.38
1605.966435		44.25		39.94
1607.321759		44.75		40
1608.478009		44.25		39.19
1609.793981		44.75		40
1610.96412		44.75		39.31
1612.079861		44.25		39.38
1613.197917		44		39.94
1614.315972		44.25		39.94
1615.431713		44.25		39.94
1616.550926		44.5		39.94
1617.670139		44.25		39.94
1618.826389		44.5		39.94
1619.940972		44.5		39.94
1621.096065		44.75		39.94
1622.248843		44.5		39.25
1623.403935		44.75		39.88
1624.518519		44.5		39.25
1625.69213		44.75		39.81
1626.806713		45		39.13
1627.914352		45.25		39.25
1629.027778		45.25		39.19
1630.146991		45		39.19
1631.261574		44.5		39.19
1632.383102		44.5		39.75
1633.471065		45.25		39.75
1634.58912		45.25		39.06
1635.710648		45		39.25
1636.832176		44.75		39.19
1637.949074		45.25		39.19
1639.02662		45.25		39.19
1640.142361		44.75		39.19
1641.256944		45		39.25
1642.376157		45		39.25
1643.486111		45.25		39.31
1644.640046		44.75		39.31
1645.752315		44.5		39.38
1646.834491		45		39.88
1647.957176		45.25		39.19
1649.074074		45.25		39.38
1650.194444		45		39.44
1651.310185		44.75		39.5
1652.427083		44.75		39.5
1653.542824		45.25		39.5
1654.62037		45.25		39.5
1655.734954		44.5		39.56
1656.940972		44.75		40.13
1658.059028		44.25		39.44
1659.175926		44.5		40.19
1660.291667		44.25		40.19
1661.643519		44.75		40.19
1662.805556		44.5		39.5
1663.918981		44.5		40.19
1665.038194		44.25		40.25
1666.157407		44		40.19
1667.430556		44.5		40.19
1668.582176		44.5		40.19
1669.710648		44		40.19
1670.825231		44.25		40.13
1671.945602		44.5		40.13
1673.135417		44.75		40.06
1674.259259		45		39.25
1675.378472		44.75		39.44
1676.497685		45		39.44
1677.614583		45.25		39.44
1678.731481		45		39.38
1679.809028		45		39.38
1680.924769		45		39.38
1682.043981		45		39.44
1683.158565		45.25		39.38
1684.277778		45.25		39.38
1685.390046		45.25		39.38
1686.508102		45		39.44
1687.62037		45.5		39.38
1688.778935		44.5		39.44
1689.898148		45.25		40
1691.010417		45.75		39.38
1692.122685		45		39.5
1693.237269		45.25		39.5
1694.350694		45.25		39.56
1695.465278		45.25		39.63
1696.583333		44.5		39.63
1697.700231		44.5		40.13
1698.849537		44.75		40.19
1699.96412		45.25		39.56
1701.158565		44.75		39.69
1702.275463		45		39.69
1703.395833		45.25		39.69
1704.511574		45		39.69
1705.626157		45		39.75
1706.740741		44.75		39.69
1707.858796		44.5		39.81
1708.9375		44.25		40.38
1710.296296		44.75		40.38
1711.409722		45		39.75
1712.527778		44.75		39.81
1713.644676		44.25		39.81
1714.759259		44.5		40.38
1715.885417		44.5		40.38
1717.030093		44		40.44
1718.140046		45.25		40.44
1719.614583		44.5		39.63
1720.774306		44.75		40.38
1721.929398		44.75		39.69
1723.042824		45		39.81
1724.158565		44.75		39.75
1725.277778		45		39.75
1726.395833		45		39.81
1727.511574		44.75		39.81
1728.625		45		39.75
1729.733796		44.5		39.81
1730.851852		45		40.38
1731.96875		45		39.81
1733.081019		44.75		39.81
1734.194444		44.5		39.88
1735.350694		44.75		40.44
1736.467593		44.75		39.88
1737.58912		44.5		39.88
1738.782407		44.75		40.44
1739.893519		44.5		39.81
1741.012731		44.25		40.44
1742.103009		45		40.5
1743.34375		44.75		39.69
1744.460648		44.25		39.88
1745.581019		44.25		40.5
1746.693287		44.5		40.44
1747.810185		45		40.44
1749.008102		44.5		39.88
1750.162037		44.75		40.44
1751.273148		44.75		39.88
1752.393519		44.5		39.88
1753.549769		44.75		40.44
1754.664352		45		39.75
1755.819444		44.75		39.88
1756.928241		45		39.81
1758.049769		44.75		39.88
1759.167824		44.5		39.88
1760.284722		44		40.44
1761.40162		45		40.44
1762.719907		44.75		39.75
1763.797454		44.25		39.88
1764.916667		45		40.44
1766.033565		45		39.88
1767.146991		45		39.94
1768.266204		45		39.88
1769.377315		44.5		39.88
1770.493056		44.5		40.44
1771.65625		44.75		40.44
1772.768519		45.25		39.75
1773.958333		44.25		39.94
1775.079861		44.5		40.5
1776.189815		44.5		40.5
1777.378472		44.75		40.5
1778.494213		45		39.81
1779.608796		44.75		39.94
1780.736111		45		39.94
1781.850694		44.5		39.94
1783.008102		44.75		40.44
1784.165509		44.5		39.81
1785.241898		44.5		40.5
1786.361111		45		40.5
1787.561343		44.5		39.94
1788.641204		45		40.5
1789.841435		44.75		39.81
1790.928241		44.75		39.94
1792.046296		45.25		39.94
1793.239583		44.75		39.94
1794.358796		45		39.94
1795.472222		44.25		39.94
1796.791667		44.75		40.5
1797.983796		44.75		39.81
1799.100694		44.75		40
1800.216435		45		39.94
1801.334491		44.5		40
1802.450231		44		40.5
1803.729167		44.5		40.56
1804.927083		44.75		40.56
1806.083333		44.75		39.94
1807.197917		44		40
1808.746528		44.75		40.5
1809.952546		44.75		39.81
1811.070602		45		40
1812.186343		44.75		40
1813.300926		45.25		40
1814.413194		45		40
1815.53125		44.75		40
1816.650463		44.5		40
1817.802083		44.75		40.56
1818.956019		44.75		40
1820.068287		45		40.06
1821.179398		44.5		40.06
1822.341435		44.75		40.63
1823.458333		44		39.94
1824.577546		45		40.63
1825.898148		44.75		40.06
1827.009259		44.75		40.06
1828.123843		44.75		40.13
1829.239583		44.75		40.06
1830.349537		44.5		40.13
1831.46875		44.5		40.69
1832.626157		44.75		40.69
1833.747685		44.75		40.06
1834.866898		44.5		40.13
1836.061343		44.75		40.69
1837.184028		44.5		40.13
1838.290509		44.5		40.69
1839.40625		44.5		40.69
1840.55787		44.75		40.69
1841.677083		44.5		40
1842.78588		44.5		40.69
1843.902778		44.5		40.69
1845.059028		44.75		40.69
1846.21412		44.75		39.94
1847.324074		44.75		40.13
1848.4375		44.75		40.06
1849.555556		44.75		40.06
1850.673611		45		40
1851.784722		44.75		40.06
1852.895833		45.25		40
1854.016204		45.25		40.06
1855.12963		45		40.06
1856.241898		44.75		40
1857.357639		44.75		40.13
1858.472222		45.25		40.06
1859.58912		45		40.13
1860.700231		45		40.13
1861.815972		45		40.13
1862.93287		44.75		40.13
1864.043981		44.75		40.13
1865.123843		44.5		40.19
1866.322917		44.75		40.75
1867.400463		45		40.13
1868.520833		45.25		40.25
1869.68287		44.75		40.25
1870.795139		45		40.25
1871.912037		44.75		40.25
1873.028935		45.25		40.31
1874.189815		44.75		40.31
1875.306713		44.75		40.38
1876.416667		45		40.31
1877.570602		44.75		40.31
1878.685185		45		40.31
1879.798611		44.75		40.38
1880.915509		44.5		40.38
1882.028935		44.5		40.88
1883.138889		44.5		40.88
1884.306713		44.75		40.94
1885.423611		44.75		40.31
1886.540509		44.75		40.38
1887.657407		44.5		40.38
1888.775463		44.5		40.88
1889.929398		44.75		40.88
1891.048611		44.5		40.25
1892.166667		44.5		40.88
1893.287037		44.25		40.88
1894.449074		44.5		40.88
1895.564815		44.25		40.88
1896.680556		44		40.88
1897.798611		44.25		40.88
1899.111111		44.75		40.81
1900.266204		44.75		40.06
1901.383102		44.25		40.06
1902.49537		44.25		40.75
1903.611111		44.25		40.69
1904.728009		44		40.69
1905.847222		44.25		40.63
1907.194444		44.75		40.56
1908.347222		44.75		39.94
1909.462963		44.5		39.94
1910.568287		44.25		40.44
1911.921296		44.75		40.44
1913.001157		45		39.69
1914.119213		45		39.81
1915.238426		44.75		39.75
1916.350694		45.5		39.81
1917.465278		45.5		39.75
1918.581019		45.5		39.75
1919.69213		45.5		39.81
1920.809028		45.5		39.75
1921.920139		45.5		39.81
1923		45.25		39.81
1924.119213		45.75		39.81
1925.234954		45.5		39.88
1926.347222		45.75		39.88
1927.462963		45.5		39.88
1928.579861		45.75		39.94
1929.699074		45.75		39.94
1930.809028		45.75		39.94
1931.920139		45.5		39.94
1933.040509		46		40
1934.118056		45.75		40
1935.236111		45.75		40.06
1936.347222		45.25		40.06
1937.460648		45.5		40.06
1938.584491		45.5		40.13
1939.708333		45.75		40.13
1940.820602		45		40.13
1941.938657		45.5		40.13
1943.012731		45		40.13
1944.126157		44.75		40.19
1945.247685		45.5		40.19
1946.359954		45		40.25
1947.479167		45		40.25
1948.600694		45		40.25
1949.716435		45		40.25
1950.822917		45.25		40.25
1951.940972		45		40.31
1953.054398		44.75		40.31
1954.170139		44.25		40.31
1955.248843		45		40.94
1956.364583		45		40.25
1957.488426		44.75		40.44
1958.607639		44.25		40.44
1960.042824		44.75		40.94
1961.237269		44.5		40.38
1962.434028		44.75		40.94
1963.587963		44.5		40.31
1964.697917		44.5		41
1965.815972		44.5		41
1966.920139		44.5		41
1968.038194		44.5		40.94
1969.15162		44.5		40.94
1970.269676		44.5		40.94
1971.385417		44.25		40.94
1972.539352		44.5		40.88
1973.773148		44.75		40.88
1974.886574		44.25		40.13
1975.997685		44.25		40.75
1977.186343		44.5		40.75
1978.299769		44.25		40.69
1979.657407		44.75		40.69
1980.81713		44.75		39.88
1981.938657		45		40.06
1983.055556		44.75		40
1984.171296		44.5		40
1985.287037		45		40.5
1986.40625		45		39.81
1987.524306		44.5		39.94
1988.641204		45		40.5
1989.803241		44.5		39.81
1990.922454		45.25		40.5
1992.039352		45.25		39.75
1993.152778		45		39.94
1994.267361		45.25		39.94
1995.386574		44.75		39.94
1996.497685		45		40
1997.615741		45.25		39.94
1998.770833		44.75		39.94
1999.853009		45		39.94
2001.002315		44.75		40
2002.12037		45		40
2003.237269		45.25		40
2004.356481		44.5		40.06
2005.472222		45		40.63
2006.587963		45.75		40
2007.706019		45.75		40.13
2008.820602		45.5		40.13
2009.936343		45.25		40.13
2011.050926		45.5		40.19
2012.130787		45.25		40.25
2013.25463		45		40.25
2014.376157		45		40.25
2015.490741		44.75		40.25
